0 0 0 0 0 0 0 0 0 0 0 0 0 0 0 0 0.2 0 0 0 1
0.001 2.96532e-19 7.14018e-20 5.37309e-20 1.41967e-20 1.41362e-20 -4.10735e-20 -3.80546e-20 -3.93201e-19 -3.5969e-19 6.51838e-19 6.17598e-19 1.85192e-19 1.26558e-19 -3.57061e-21 -6.5014e-22 0.19999 -3.96647e-22 -5.1038e-20 7.26603e-22 1
0.002 2.4992e-11 -1.18458e-13 -1.18684e-13 -7.28236e-14 -7.2568e-14 -5.15209e-11 -5.16764e-11 -5.70961e-11 -5.72614e-11 5.09274e-11 5.12423e-11 5.98687e-11 6.0184e-11 2.3609e-13 -2.10085e-16 0.199971 5.52258e-14 -4.21989e-12 -1.70441e-15 1
0.003 1.48813e-10 -7.05681e-13 -7.07023e-13 -4.30917e-13 -4.29401e-13 -3.07958e-10 -3.0888e-10 -3.40571e-10 -3.41552e-10 3.0396e-10 3.05827e-10 3.56863e-10 3.58733e-10 1.41828e-12 -1.24535e-15 0.199941 3.28283e-13 -2.51399e-11 -1.02164e-14 1
0.004 4.91919e-10 -2.33399e-12 -2.33841e-12 -1.41461e-12 -1.40962e-12 -1.0223e-09 -1.02533e-09 -1.12799e-09 -1.13122e-09 1.00739e-09 1.01354e-09 1.18106e-09 1.18722e-09 4.73377e-12 -4.0987e-15 0.199902 1.08318e-12 -8.31496e-11 -3.4019e-14 1
0.005 1.21926e-09 -5.78845e-12 -5.79933e-12 -3.48094e-12 -3.46864e-12 -2.54495e-09 -2.55242e-09 -2.80149e-09 -2.80946e-09 2.50363e-09 2.51879e-09 2.93105e-09 2.94623e-09 1.185e-11 -1.01151e-14 0.199853 2.67968e-12 -2.06211e-10 -8.49577e-14 1
0.006 2.53825e-09 -1.20581e-11 -1.20806e-11 -7.19308e-12 -7.16757e-12 -5.32162e-09 -5.33711e-09 -5.84424e-09 -5.86077e-09 5.22632e-09 5.25773e-09 6.10981e-09 6.14125e-09 2.49175e-11 -2.09675e-14 0.199794 5.56789e-12 -4.29538e-10 -1.78226e-13 1
0.007 4.69684e-09 -2.23275e-11 -2.2369e-11 -1.32101e-11 -1.31632e-11 -9.89136e-09 -9.91989e-09 -1.08371e-08 -1.08676e-08 9.6976e-09 9.75544e-09 1.13209e-08 1.13788e-08 4.6573e-11 -3.86337e-14 0.199725 1.02832e-11 -7.95281e-10 -3.3235e-13 1
0.008 7.98161e-09 -3.79694e-11 -3.80395e-11 -2.22777e-11 -2.21982e-11 -1.68846e-08 -1.69329e-08 -1.84554e-08 -1.8507e-08 1.65255e-08 1.66233e-08 1.92646e-08 1.93625e-08 7.99416e-11 -6.5375e-14 0.199647 1.74415e-11 -1.35224e-09 -5.69179e-13 1
0.009 1.27161e-08 -6.05368e-11 -6.06479e-11 -3.52184e-11 -3.50924e-11 -2.70215e-08 -2.70979e-08 -2.9466e-08 -2.95478e-08 2.64012e-08 2.65563e-08 3.07347e-08 3.089e-08 1.2864e-10 -1.03716e-13 0.199559 2.77345e-11 -2.15556e-09 -9.13875e-13 1
0.01 1.92589e-08 -9.17563e-11 -9.19236e-11 -5.29237e-11 -5.27336e-11 -4.11097e-08 -4.1225e-08 -4.47242e-08 -4.48475e-08 4.00971e-08 4.03309e-08 4.66151e-08 4.68491e-08 1.96778e-10 -1.56423e-13 0.19946 4.19255e-11 -3.26648e-09 -1.3949e-12 1
0.011 2.80024e-08 -1.33522e-10 -1.33764e-10 -7.63448e-11 -7.60697e-11 -6.00435e-08 -6.02103e-08 -6.51713e-08 -6.53498e-08 5.84638e-08 5.88022e-08 6.78765e-08 6.82152e-08 2.88961e-10 -2.26492e-13 0.199353 6.08451e-11 -4.75207e-09 -2.04402e-12 1
0.012 3.93709e-08 -1.87887e-10 -1.88226e-10 -1.06485e-10 -1.061e-10 -8.48013e-08 -8.50347e-08 -9.18315e-08 -9.20816e-08 8.24286e-08 8.29022e-08 9.55738e-08 9.60478e-08 4.10295e-10 -3.17124e-13 0.199235 8.53874e-11 -6.68495e-09 -2.89629e-12 1
0.013 5.38191e-08 -2.57062e-10 -2.57523e-10 -1.44394e-10 -1.4387e-10 -1.16445e-07 -1.16762e-07 -1.2581e-07 -1.26151e-07 1.12993e-07 1.13637e-07 1.30843e-07 1.31488e-07 5.66383e-10 -4.31714e-13 0.199107 1.16507e-10 -9.14307e-09 -3.99006e-12 1
0.014 7.18311e-08 -3.43407e-10 -3.44018e-10 -1.91156e-10 -1.9046e-10 -1.56117e-07 -1.56539e-07 -1.68291e-07 -1.68743e-07 1.5123e-07 1.52086e-07 1.74899e-07 1.75756e-07 7.63334e-10 -5.73832e-13 0.19897 1.55213e-10 -1.22095e-08 -5.36695e-12 1
0.015 9.39185e-08 -4.49424e-10 -4.50219e-10 -2.47888e-10 -2.46981e-10 -2.05042e-07 -2.05591e-07 -2.20533e-07 -2.21122e-07 1.98284e-07 1.99398e-07 2.29032e-07 2.30147e-07 1.00776e-09 -7.47214e-13 0.198823 2.02569e-10 -1.59721e-08 -7.07188e-12 1
0.016 1.20619e-07 -5.77757e-10 -5.78773e-10 -3.1573e-10 -3.1457e-10 -2.64522e-07 -2.65223e-07 -2.83871e-07 -2.84624e-07 2.55367e-07 2.56791e-07 2.94607e-07 2.96033e-07 1.30678e-09 -9.55742e-13 0.198666 2.59688e-10 -2.05235e-08 -9.15307e-12 1
0.017 1.52497e-07 -7.31184e-10 -7.32462e-10 -3.95839e-10 -3.9438e-10 -3.35936e-07 -3.36819e-07 -3.59709e-07 -3.60658e-07 3.23757e-07 3.2555e-07 3.7306e-07 3.74854e-07 1.66801e-09 -1.20344e-12 0.198499 3.27731e-10 -2.59606e-08 -1.1662e-11 1
0.018 1.90139e-07 -9.12615e-10 -9.14201e-10 -4.89386e-10 -4.87573e-10 -4.20741e-07 -4.21836e-07 -4.49524e-07 -4.50703e-07 4.04798e-07 4.07024e-07 4.65895e-07 4.68122e-07 2.0996e-09 -1.49444e-12 0.198322 4.07899e-10 -3.23848e-08 -1.46535e-11 1
0.019 2.34156e-07 -1.12509e-09 -1.12703e-09 -5.97544e-10 -5.95322e-10 -5.20469e-07 -5.21811e-07 -5.5486e-07 -5.56306e-07 4.99897e-07 5.02626e-07 5.74686e-07 5.77417e-07 2.6102e-09 -1.83301e-12 0.198136 5.01439e-10 -3.99013e-08 -1.81857e-11 1
0.02 2.85179e-07 -1.37176e-09 -1.37411e-09 -7.2149e-10 -7.18794e-10 -6.36725e-07 -6.38352e-07 -6.77326e-07 -6.79081e-07 6.10521e-07 6.1383e-07 7.01071e-07 7.04382e-07 3.20897e-09 -2.2235e-12 0.19794 6.09634e-10 -4.86194e-08 -2.23199e-11 1
0.021 3.43861e-07 -1.65591e-09 -1.65873e-09 -8.62393e-10 -8.59155e-10 -7.71187e-07 -7.7314e-07 -8.18599e-07 -8.20707e-07 7.38198e-07 7.42171e-07 8.46752e-07 8.50726e-07 3.90559e-09 -2.67037e-12 0.197734 7.33804e-10 -5.86519e-08 -2.71209e-11 1
0.022 4.10875e-07 -1.98093e-09 -1.98429e-09 -1.02141e-09 -1.01756e-09 -9.25608e-07 -9.2793e-07 -9.80417e-07 -9.82926e-07 8.84515e-07 8.89242e-07 1.01349e-06 1.01822e-06 4.71025e-09 -3.17814e-12 0.197518 8.75302e-10 -7.01152e-08 -3.26568e-11 1
0.023 4.86911e-07 -2.35034e-09 -2.35431e-09 -1.19969e-09 -1.19514e-09 -1.10181e-06 -1.10455e-06 -1.16458e-06 -1.16754e-06 1.05112e-06 1.05669e-06 1.20312e-06 1.2087e-06 5.63368e-09 -3.75143e-12 0.197292 1.03551e-09 -8.3129e-08 -3.8999e-11 1
0.024 5.72679e-07 -2.76776e-09 -2.7724e-09 -1.39836e-09 -1.39303e-09 -1.30168e-06 -1.30489e-06 -1.37295e-06 -1.37642e-06 1.2397e-06 1.24623e-06 1.41751e-06 1.42404e-06 6.68711e-09 -4.39489e-12 0.197057 1.21585e-09 -9.78164e-08 -4.62223e-11 1
0.025 6.68904e-07 -3.23691e-09 -3.2423e-09 -1.61851e-09 -1.61231e-09 -1.52719e-06 -1.53092e-06 -1.60744e-06 -1.61148e-06 1.45202e-06 1.45962e-06 1.65861e-06 1.6662e-06 7.8823e-09 -5.11327e-12 0.196812 1.41776e-09 -1.14303e-07 -5.44047e-11 1
0.026 7.76328e-07 -3.76163e-09 -3.76786e-09 -1.86121e-09 -1.85404e-09 -1.78036e-06 -1.78467e-06 -1.87004e-06 -1.87471e-06 1.68988e-06 1.69866e-06 1.92841e-06 1.93719e-06 9.23154e-09 -5.91132e-12 0.196557 1.64271e-09 -1.32718e-07 -6.36279e-11 1
0.027 8.95709e-07 -4.34585e-09 -4.35301e-09 -2.12751e-09 -2.11927e-09 -2.0633e-06 -2.06824e-06 -2.16277e-06 -2.16814e-06 1.95514e-06 1.96523e-06 2.22897e-06 2.23906e-06 1.07476e-08 -6.79387e-12 0.196292 1.8922e-09 -1.53194e-07 -7.39768e-11 1
0.028 1.02782e-06 -4.99363e-09 -5.00181e-09 -2.4184e-09 -2.40898e-09 -2.37816e-06 -2.38381e-06 -2.48774e-06 -2.49387e-06 2.24972e-06 2.26125e-06 2.56239e-06 2.57392e-06 1.24439e-08 -7.76578e-12 0.196017 2.16772e-09 -1.75863e-07 -8.55398e-11 1
0.029 1.17344e-06 -5.70909e-09 -5.71839e-09 -2.73485e-09 -2.72413e-09 -2.72718e-06 -2.73361e-06 -2.84707e-06 -2.85405e-06 2.57556e-06 2.58867e-06 2.93083e-06 2.94394e-06 1.43343e-08 -8.83191e-12 0.195733 2.47083e-09 -2.00864e-07 -9.84087e-11 1
0.03 1.33337e-06 -6.49648e-09 -6.507e-09 -3.07775e-09 -3.06561e-09 -3.11267e-06 -3.11993e-06 -3.24297e-06 -3.25087e-06 2.93468e-06 2.94952e-06 3.3365e-06 3.35133e-06 1.64331e-08 -9.99717e-12 0.195438 2.80308e-09 -2.28334e-07 -1.12679e-10 1
0.031 1.50843e-06 -7.36014e-09 -7.37198e-09 -3.44799e-09 -3.4343e-09 -3.53697e-06 -3.54515e-06 -3.67768e-06 -3.68659e-06 3.32914e-06 3.34586e-06 3.78166e-06 3.79837e-06 1.87553e-08 -1.12665e-11 0.195134 3.16603e-09 -2.58416e-07 -1.28449e-10 1
0.032 1.69943e-06 -8.30449e-09 -8.31776e-09 -3.84637e-09 -3.831e-09 -4.00252e-06 -4.0117e-06 -4.15352e-06 -4.16352e-06 3.76102e-06 3.77978e-06 4.26861e-06 4.28737e-06 2.13164e-08 -1.26448e-11 0.19482 3.56128e-09 -2.91253e-07 -1.45821e-10 1
0.033 1.9072e-06 -9.33405e-09 -9.34889e-09 -4.27364e-09 -4.25645e-09 -4.51182e-06 -4.52207e-06 -4.67282e-06 -4.68401e-06 4.23248e-06 4.25346e-06 4.79973e-06 4.8207e-06 2.41324e-08 -1.4137e-11 0.194497 3.99043e-09 -3.2699e-07 -1.64902e-10 1
0.034 2.1326e-06 -1.04535e-08 -1.047e-08 -4.7305e-09 -4.71134e-09 -5.06741e-06 -5.07883e-06 -5.23799e-06 -5.25046e-06 4.74571e-06 4.76908e-06 5.37741e-06 5.40077e-06 2.72198e-08 -1.5748e-11 0.194163 4.45509e-09 -3.65775e-07 -1.85801e-10 1
0.035 2.37647e-06 -1.16674e-08 -1.16857e-08 -5.21758e-09 -5.19631e-09 -5.67192e-06 -5.68459e-06 -5.85148e-06 -5.86533e-06 5.30295e-06 5.32888e-06 6.00411e-06 6.03003e-06 3.05957e-08 -1.74829e-11 0.19382 4.9569e-09 -4.07756e-07 -2.0863e-10 1
0.036 2.63967e-06 -1.29807e-08 -1.3001e-08 -5.73545e-09 -5.7119e-09 -6.32803e-06 -6.34203e-06 -6.51579e-06 -6.53112e-06 5.90646e-06 5.93516e-06 6.68232e-06 6.71101e-06 3.42778e-08 -1.93464e-11 0.193467 5.4975e-09 -4.53085e-07 -2.33507e-10 1
0.037 2.92308e-06 -1.43983e-08 -1.44206e-08 -6.28461e-09 -6.25861e-09 -7.03848e-06 -7.05392e-06 -7.23347e-06 -7.25039e-06 6.55857e-06 6.59024e-06 7.4146e-06 7.44625e-06 3.82841e-08 -2.13436e-11 0.193104 6.07854e-09 -5.01914e-07 -2.60552e-10 1
0.038 3.22758e-06 -1.59251e-08 -1.59497e-08 -6.86547e-09 -6.83685e-09 -7.80608e-06 -7.82305e-06 -8.0071e-06 -8.02572e-06 7.26164e-06 7.29648e-06 8.20354e-06 8.23835e-06 4.26335e-08 -2.34793e-11 0.192731 6.70167e-09 -5.54396e-07 -2.8989e-10 1
0.039 3.55404e-06 -1.75662e-08 -1.75931e-08 -7.47839e-09 -7.44697e-09 -8.6337e-06 -8.6523e-06 -8.83933e-06 -8.85976e-06 8.01807e-06 8.05628e-06 9.05177e-06 9.08996e-06 4.73453e-08 -2.57584e-11 0.192348 7.36858e-09 -6.10687e-07 -3.21647e-10 1
0.04 3.90337e-06 -1.93267e-08 -1.93562e-08 -8.12363e-09 -8.08922e-09 -9.52426e-06 -9.54461e-06 -9.73284e-06 -9.75521e-06 8.83029e-06 8.87211e-06 9.96197e-06 1.00038e-05 5.24391e-08 -2.81857e-11 0.191956 8.08093e-09 -6.70943e-07 -3.55957e-10 1
0.041 4.27647e-06 -2.1212e-08 -2.12442e-08 -8.80137e-09 -8.76379e-09 -1.04808e-05 -1.0503e-05 -1.06904e-05 -1.07148e-05 9.70078e-06 9.74643e-06 1.09369e-05 1.09825e-05 5.79354e-08 -3.07661e-11 0.191554 8.84041e-09 -7.35321e-07 -3.92953e-10 1
0.042 4.67424e-06 -2.32274e-08 -2.32624e-08 -9.51173e-09 -9.47077e-09 -1.15062e-05 -1.15304e-05 -1.17147e-05 -1.17413e-05 1.06321e-05 1.06818e-05 1.19792e-05 1.20289e-05 6.38552e-08 -3.35043e-11 0.191142 9.64871e-09 -8.03981e-07 -4.32777e-10 1
0.043 5.09759e-06 -2.53783e-08 -2.54164e-08 -1.02547e-08 -1.02102e-08 -1.26038e-05 -1.26301e-05 -1.28086e-05 -1.28375e-05 1.16267e-05 1.16807e-05 1.30919e-05 1.31458e-05 7.02199e-08 -3.64052e-11 0.19072 1.05075e-08 -8.77083e-07 -4.75571e-10 1
0.044 5.54744e-06 -2.76702e-08 -2.77115e-08 -1.10302e-08 -1.09819e-08 -1.37767e-05 -1.38051e-05 -1.39749e-05 -1.40063e-05 1.26872e-05 1.27458e-05 1.42776e-05 1.43361e-05 7.70515e-08 -3.94735e-11 0.190288 1.14185e-08 -9.54786e-07 -5.21483e-10 1
0.045 6.02471e-06 -3.01088e-08 -3.01534e-08 -1.18381e-08 -1.17858e-08 -1.50281e-05 -1.50588e-05 -1.52167e-05 -1.52507e-05 1.38163e-05 1.38797e-05 1.55394e-05 1.56027e-05 8.43728e-08 -4.27138e-11 0.189847 1.23835e-08 -1.03725e-06 -5.70663e-10 1
0.046 6.53032e-06 -3.26998e-08 -3.2748e-08 -1.26781e-08 -1.26215e-08 -1.63612e-05 -1.63944e-05 -1.65368e-05 -1.65735e-05 1.50166e-05 1.50851e-05 1.68801e-05 1.69485e-05 9.22067e-08 -4.61307e-11 0.189395 1.3404e-08 -1.12465e-06 -6.23268e-10 1
0.047 7.06522e-06 -3.54489e-08 -3.55008e-08 -1.35499e-08 -1.34888e-08 -1.77795e-05 -1.78153e-05 -1.79381e-05 -1.79777e-05 1.62907e-05 1.63646e-05 1.83028e-05 1.83765e-05 1.00577e-07 -4.9729e-11 0.188934 1.44819e-08 -1.21713e-06 -6.79457e-10 1
0.048 7.63032e-06 -3.83621e-08 -3.84179e-08 -1.44529e-08 -1.43871e-08 -1.92864e-05 -1.93249e-05 -1.94239e-05 -1.94665e-05 1.76415e-05 1.77211e-05 1.98104e-05 1.98898e-05 1.09508e-07 -5.35131e-11 0.188463 1.56188e-08 -1.31486e-06 -7.39394e-10 1
0.049 8.22658e-06 -4.14453e-08 -4.15053e-08 -1.53865e-08 -1.53158e-08 -2.08854e-05 -2.09266e-05 -2.0997e-05 -2.10428e-05 1.90717e-05 1.91572e-05 2.1406e-05 2.14913e-05 1.19025e-07 -5.74875e-11 0.187983 1.68165e-08 -1.41801e-06 -8.03247e-10 1
0.05 8.85492e-06 -4.47046e-08 -4.4769e-08 -1.63502e-08 -1.62743e-08 -2.25799e-05 -2.26241e-05 -2.26607e-05 -2.27099e-05 2.0584e-05 2.06757e-05 2.30927e-05 2.31842e-05 1.29154e-07 -6.16567e-11 0.187492 1.80766e-08 -1.52675e-06 -8.71188e-10 1
0.051 9.5163e-06 -4.81463e-08 -4.82152e-08 -1.73431e-08 -1.72617e-08 -2.43735e-05 -2.44209e-05 -2.44181e-05 -2.44708e-05 2.21814e-05 2.22796e-05 2.48737e-05 2.49717e-05 1.39919e-07 -6.60251e-11 0.186992 1.94009e-08 -1.64123e-06 -9.43394e-10 1
0.052 1.02116e-05 -5.17765e-08 -5.18501e-08 -1.83644e-08 -1.82772e-08 -2.627e-05 -2.63206e-05 -2.62723e-05 -2.63287e-05 2.38665e-05 2.39716e-05 2.67521e-05 2.68569e-05 1.51348e-07 -7.0597e-11 0.186482 2.07911e-08 -1.76162e-06 -1.02005e-09 1
0.053 1.09419e-05 -5.56016e-08 -5.56803e-08 -1.94128e-08 -1.93197e-08 -2.82731e-05 -2.83271e-05 -2.82268e-05 -2.8287e-05 2.56424e-05 2.57546e-05 2.87311e-05 2.88431e-05 1.63468e-07 -7.53767e-11 0.185962 2.22488e-08 -1.88809e-06 -1.10133e-09 1
0.054 1.17081e-05 -5.96282e-08 -5.9712e-08 -2.04875e-08 -2.0388e-08 -3.03864e-05 -3.04439e-05 -3.02846e-05 -3.03489e-05 2.75119e-05 2.76316e-05 3.08141e-05 3.09335e-05 1.76307e-07 -8.03684e-11 0.185432 2.37758e-08 -2.0208e-06 -1.18743e-09 1
0.055 1.2511e-05 -6.38627e-08 -6.3952e-08 -2.1587e-08 -2.14809e-08 -3.26139e-05 -3.26751e-05 -3.24492e-05 -3.25176e-05 2.94779e-05 2.96055e-05 3.30043e-05 3.31315e-05 1.89893e-07 -8.55762e-11 0.184893 2.53739e-08 -2.15992e-06 -1.27855e-09 1
0.056 1.33518e-05 -6.83119e-08 -6.84069e-08 -2.27099e-08 -2.2597e-08 -3.49594e-05 -3.50245e-05 -3.47239e-05 -3.47967e-05 3.15435e-05 3.16792e-05 3.5305e-05 3.54404e-05 2.04255e-07 -9.10043e-11 0.184343 2.70446e-08 -2.30562e-06 -1.37489e-09 1
0.057 1.42312e-05 -7.29825e-08 -7.30834e-08 -2.38549e-08 -2.37347e-08 -3.74269e-05 -3.7496e-05 -3.71121e-05 -3.71895e-05 3.37116e-05 3.38558e-05 3.77197e-05 3.78635e-05 2.19423e-07 -9.66566e-11 0.183784 2.87898e-08 -2.45806e-06 -1.47665e-09 1
0.058 1.51504e-05 -7.78814e-08 -7.79884e-08 -2.50201e-08 -2.48924e-08 -4.00204e-05 -4.00937e-05 -3.96172e-05 -3.96994e-05 3.59853e-05 3.61384e-05 4.02517e-05 4.04043e-05 2.35427e-07 -1.02537e-10 0.183215 3.0611e-08 -2.61741e-06 -1.58403e-09 1
0.059 1.61101e-05 -8.30155e-08 -8.3129e-08 -2.62039e-08 -2.60684e-08 -4.2744e-05 -4.28216e-05 -4.22428e-05 -4.233e-05 3.83675e-05 3.85298e-05 4.29046e-05 4.30663e-05 2.52298e-07 -1.0865e-10 0.182636 3.25101e-08 -2.78384e-06 -1.69726e-09 1
0.06 1.71115e-05 -8.83921e-08 -8.85122e-08 -2.74042e-08 -2.72606e-08 -4.56018e-05 -4.56839e-05 -4.49923e-05 -4.50847e-05 4.08614e-05 4.10333e-05 4.56817e-05 4.5853e-05 2.70067e-07 -1.14998e-10 0.182048 3.44886e-08 -2.95751e-06 -1.81655e-09 1
0.061 1.81553e-05 -9.40182e-08 -9.41452e-08 -2.86191e-08 -2.84671e-08 -4.8598e-05 -4.86847e-05 -4.78694e-05 -4.79671e-05 4.34701e-05 4.3652e-05 4.85867e-05 4.8768e-05 2.88766e-07 -1.21586e-10 0.181449 3.65483e-08 -3.13858e-06 -1.94213e-09 1
0.062 1.92427e-05 -9.99011e-08 -1.00035e-07 -2.98464e-08 -2.96855e-08 -5.17369e-05 -5.18285e-05 -5.08776e-05 -5.09809e-05 4.61967e-05 4.63889e-05 5.16232e-05 5.18147e-05 3.08428e-07 -1.28417e-10 0.180841 3.86909e-08 -3.32722e-06 -2.07422e-09 1
0.063 2.03745e-05 -1.06048e-07 -1.0619e-07 -3.10836e-08 -3.09136e-08 -5.50228e-05 -5.51193e-05 -5.40206e-05 -5.41297e-05 4.90442e-05 4.92472e-05 5.47947e-05 5.49969e-05 3.29085e-07 -1.35495e-10 0.180223 4.0918e-08 -3.5236e-06 -2.21306e-09 1
0.064 2.15517e-05 -1.12468e-07 -1.12617e-07 -3.23284e-08 -3.21488e-08 -5.846e-05 -5.85618e-05 -5.7302e-05 -5.74171e-05 5.2016e-05 5.22301e-05 5.8105e-05 5.83182e-05 3.50773e-07 -1.42823e-10 0.179595 4.32313e-08 -3.72789e-06 -2.35889e-09 1
0.065 2.27752e-05 -1.19166e-07 -1.19324e-07 -3.3578e-08 -3.33885e-08 -6.20531e-05 -6.21602e-05 -6.07256e-05 -6.08469e-05 5.51151e-05 5.53408e-05 6.15577e-05 6.17824e-05 3.73525e-07 -1.50404e-10 0.178958 4.56325e-08 -3.94024e-06 -2.51195e-09 1
0.066 2.4046e-05 -1.26152e-07 -1.26318e-07 -3.48296e-08 -3.46299e-08 -6.58065e-05 -6.59191e-05 -6.42952e-05 -6.44229e-05 5.83449e-05 5.85825e-05 6.51565e-05 6.53931e-05 3.97376e-07 -1.58242e-10 0.17831 4.81232e-08 -4.16082e-06 -2.6725e-09 1
0.067 2.5365e-05 -1.33433e-07 -1.33608e-07 -3.60803e-08 -3.587e-08 -6.97247e-05 -6.98431e-05 -6.80145e-05 -6.81489e-05 6.17084e-05 6.19585e-05 6.89053e-05 6.91541e-05 4.22363e-07 -1.6634e-10 0.177653 5.07052e-08 -4.3898e-06 -2.84079e-09 1
0.068 2.67331e-05 -1.41018e-07 -1.41201e-07 -3.7327e-08 -3.71057e-08 -7.38125e-05 -7.39368e-05 -7.18874e-05 -7.20287e-05 6.5209e-05 6.54719e-05 7.28078e-05 7.30694e-05 4.48521e-07 -1.74701e-10 0.176986 5.338e-08 -4.62733e-06 -3.01708e-09 1
0.069 2.81514e-05 -1.48914e-07 -1.49106e-07 -3.85663e-08 -3.83336e-08 -7.80746e-05 -7.82049e-05 -7.59177e-05 -7.60662e-05 6.885e-05 6.91261e-05 7.6868e-05 7.71427e-05 4.75888e-07 -1.83328e-10 0.176309 5.61493e-08 -4.87358e-06 -3.20164e-09 1
0.07 2.96207e-05 -1.57129e-07 -1.57331e-07 -3.97949e-08 -3.95503e-08 -8.25156e-05 -8.26522e-05 -8.01095e-05 -8.02653e-05 7.26346e-05 7.29244e-05 8.10897e-05 8.1378e-05 5.04501e-07 -1.92224e-10 0.175622 5.90147e-08 -5.12872e-06 -3.39475e-09 1
0.071 3.1142e-05 -1.65673e-07 -1.65884e-07 -4.1009e-08 -4.07522e-08 -8.71404e-05 -8.72834e-05 -8.44667e-05 -8.46301e-05 7.65661e-05 7.68701e-05 8.54769e-05 8.57792e-05 5.344e-07 -2.01392e-10 0.174926 6.19779e-08 -5.39289e-06 -3.59668e-09 1
0.072 3.27162e-05 -1.74554e-07 -1.74775e-07 -4.22049e-08 -4.19355e-08 -9.19539e-05 -9.21036e-05 -8.89932e-05 -8.91645e-05 8.06479e-05 8.09665e-05 9.00336e-05 9.03504e-05 5.65622e-07 -2.10833e-10 0.174219 6.50405e-08 -5.66626e-06 -3.80773e-09 1
0.073 3.43443e-05 -1.8378e-07 -1.84011e-07 -4.33785e-08 -4.30961e-08 -9.6961e-05 -9.71175e-05 -9.36931e-05 -9.38725e-05 8.48833e-05 8.5217e-05 9.47638e-05 9.50954e-05 5.98208e-07 -2.20552e-10 0.173503 6.82041e-08 -5.949e-06 -4.02817e-09 1
0.074 3.60271e-05 -1.9336e-07 -1.93602e-07 -4.45258e-08 -4.42298e-08 -0.000102167 -0.00010233 -9.85706e-05 -9.87583e-05 8.92757e-05 8.96248e-05 9.96715e-05 0.000100019 6.32197e-07 -2.30549e-10 0.172777 7.14703e-08 -6.24125e-06 -4.25832e-09 1
0.075 3.77656e-05 -2.03303e-07 -2.03557e-07 -4.56423e-08 -4.53324e-08 -0.000107576 -0.000107747 -0.00010363 -0.000103826 9.38283e-05 9.41935e-05 0.000104761 0.000105124 6.67632e-07 -2.40828e-10 0.172041 7.48408e-08 -6.54318e-06 -4.49847e-09 1
0.076 3.95608e-05 -2.13619e-07 -2.13884e-07 -4.67236e-08 -4.63993e-08 -0.000113195 -0.000113373 -0.000108874 -0.00010908 9.85447e-05 9.89264e-05 0.000110036 0.000110415 7.04554e-07 -2.5139e-10 0.171296 7.83171e-08 -6.85495e-06 -4.74894e-09 1
0.077 4.14134e-05 -2.24317e-07 -2.24594e-07 -4.77648e-08 -4.74256e-08 -0.000119027 -0.000119213 -0.000114309 -0.000114524 0.000103428 0.000103827 0.000115501 0.000115897 7.43005e-07 -2.62238e-10 0.17054 8.19009e-08 -7.17669e-06 -5.01005e-09 1
0.078 4.33245e-05 -2.35406e-07 -2.35695e-07 -4.8761e-08 -4.84066e-08 -0.000125079 -0.000125273 -0.000119938 -0.000120162 0.000108482 0.000108898 0.000121161 0.000121574 7.83029e-07 -2.73373e-10 0.169775 8.55936e-08 -7.50858e-06 -5.28212e-09 1
0.079 4.52949e-05 -2.46896e-07 -2.47197e-07 -4.97071e-08 -4.93369e-08 -0.000131356 -0.000131558 -0.000125766 -0.000126 0.00011371 0.000114144 0.000127019 0.00012745 8.24668e-07 -2.84797e-10 0.169 8.93969e-08 -7.85077e-06 -5.56548e-09 1
0.08 4.73256e-05 -2.58797e-07 -2.5911e-07 -5.05978e-08 -5.02113e-08 -0.000137863 -0.000138073 -0.000131797 -0.00013204 0.000119115 0.000119568 0.00013308 0.000133529 8.67969e-07 -2.96512e-10 0.168216 9.33124e-08 -8.2034e-06 -5.86048e-09 1
0.081 4.94174e-05 -2.71118e-07 -2.71445e-07 -5.14274e-08 -5.10241e-08 -0.000144605 -0.000144824 -0.000138034 -0.000138288 0.000124701 0.000125173 0.000139348 0.000139816 9.12976e-07 -3.08519e-10 0.167421 9.73416e-08 -8.56663e-06 -6.16746e-09 1
0.082 5.15713e-05 -2.8387e-07 -2.8421e-07 -5.21903e-08 -5.17697e-08 -0.000151589 -0.000151816 -0.000144484 -0.000144748 0.000130471 0.000130963 0.000145828 0.000146315 9.59736e-07 -3.20818e-10 0.166616 1.01486e-07 -8.9406e-06 -6.48677e-09 1
0.083 5.37881e-05 -2.97064e-07 -2.97417e-07 -5.28803e-08 -5.2442e-08 -0.00015882 -0.000159056 -0.00015115 -0.000151424 0.000136429 0.000136941 0.000152524 0.000153031 1.00829e-06 -3.33413e-10 0.165802 1.05747e-07 -9.32546e-06 -6.81878e-09 1
0.084 5.60687e-05 -3.10709e-07 -3.11076e-07 -5.34914e-08 -5.30347e-08 -0.000166303 -0.000166548 -0.000158036 -0.000158322 0.000142578 0.00014311 0.000159441 0.000159968 1.0587e-06 -3.46302e-10 0.164978 1.10127e-07 -9.72137e-06 -7.16386e-09 1
0.085 5.8414e-05 -3.24816e-07 -3.25198e-07 -5.4017e-08 -5.35415e-08 -0.000174044 -0.000174299 -0.000165147 -0.000165444 0.000148922 0.000149475 0.000166582 0.000167131 1.111e-06 -3.59487e-10 0.164144 1.14626e-07 -1.01285e-05 -7.52238e-09 1
0.086 6.08248e-05 -3.39397e-07 -3.39794e-07 -5.44504e-08 -5.39556e-08 -0.00018205 -0.000182314 -0.000172488 -0.000172797 0.000155463 0.000156039 0.000173954 0.000174524 1.16524e-06 -3.72968e-10 0.163301 1.19247e-07 -1.05469e-05 -7.89473e-09 1
0.087 6.33021e-05 -3.54462e-07 -3.54874e-07 -5.47848e-08 -5.427e-08 -0.000190326 -0.000190599 -0.000180064 -0.000180385 0.000162206 0.000162804 0.00018156 0.000182151 1.22148e-06 -3.86746e-10 0.162447 1.23991e-07 -1.09768e-05 -8.28131e-09 1
0.088 6.58466e-05 -3.70023e-07 -3.70451e-07 -5.5013e-08 -5.44777e-08 -0.000198878 -0.000199161 -0.000187878 -0.000188211 0.000169154 0.000169775 0.000189405 0.000190019 1.27976e-06 -4.00821e-10 0.161584 1.28859e-07 -1.14182e-05 -8.68251e-09 1
0.089 6.84593e-05 -3.86091e-07 -3.86535e-07 -5.51276e-08 -5.45712e-08 -0.000207712 -0.000208005 -0.000195936 -0.000196282 0.000176311 0.000176955 0.000197493 0.000198131 1.34014e-06 -4.15193e-10 0.160711 1.33853e-07 -1.18715e-05 -9.09875e-09 1
0.09 7.1141e-05 -4.02679e-07 -4.03138e-07 -5.51208e-08 -5.45428e-08 -0.000216834 -0.000217138 -0.000204243 -0.000204602 0.000183679 0.000184348 0.00020583 0.000206491 1.40267e-06 -4.2986e-10 0.159828 1.38974e-07 -1.23366e-05 -9.53044e-09 1
0.091 7.38925e-05 -4.19797e-07 -4.20273e-07 -5.49848e-08 -5.43846e-08 -0.000226251 -0.000226566 -0.000212803 -0.000213175 0.000191263 0.000191956 0.000214421 0.000215106 1.46739e-06 -4.44823e-10 0.158935 1.44225e-07 -1.28137e-05 -9.97803e-09 1
0.092 7.67147e-05 -4.37458e-07 -4.37952e-07 -5.47114e-08 -5.40884e-08 -0.000235968 -0.000236294 -0.000221622 -0.000222007 0.000199066 0.000199784 0.00022327 0.00022398 1.53438e-06 -4.60081e-10 0.158033 1.49605e-07 -1.3303e-05 -1.04419e-08 1
0.093 7.96083e-05 -4.55675e-07 -4.56186e-07 -5.42922e-08 -5.36456e-08 -0.000245993 -0.00024633 -0.000230703 -0.000231102 0.000207091 0.000207835 0.000232382 0.000233117 1.60367e-06 -4.75633e-10 0.15712 1.55117e-07 -1.38046e-05 -1.09226e-08 1
0.094 8.25743e-05 -4.7446e-07 -4.74989e-07 -5.37183e-08 -5.30477e-08 -0.000256332 -0.00025668 -0.000240052 -0.000240465 0.000215341 0.000216112 0.000241762 0.000242523 1.67533e-06 -4.91477e-10 0.156198 1.60763e-07 -1.43186e-05 -1.14205e-08 1
0.095 8.56134e-05 -4.93826e-07 -4.94373e-07 -5.29807e-08 -5.22855e-08 -0.00026699 -0.00026735 -0.000249674 -0.000250102 0.000223821 0.000224619 0.000251415 0.000252203 1.7494e-06 -5.07611e-10 0.155266 1.66543e-07 -1.48451e-05 -1.19361e-08 1
0.096 8.87264e-05 -5.13786e-07 -5.14352e-07 -5.20703e-08 -5.13496e-08 -0.000277976 -0.000278347 -0.000259575 -0.000260017 0.000232533 0.000233359 0.000261347 0.000262162 1.82596e-06 -5.24034e-10 0.154324 1.72459e-07 -1.53842e-05 -1.24699e-08 1
0.097 9.19141e-05 -5.34354e-07 -5.34939e-07 -5.09773e-08 -5.02306e-08 -0.000289295 -0.000289678 -0.000269758 -0.000270215 0.000241481 0.000242335 0.000271561 0.000272404 1.90505e-06 -5.40744e-10 0.153373 1.78513e-07 -1.59362e-05 -1.30223e-08 1
0.098 9.51773e-05 -5.55543e-07 -5.56148e-07 -4.96918e-08 -4.89185e-08 -0.000300954 -0.000301349 -0.000280229 -0.000280702 0.000250668 0.000251552 0.000282065 0.000282936 1.98674e-06 -5.57737e-10 0.152411 1.84705e-07 -1.6501e-05 -1.35939e-08 1
0.099 9.85168e-05 -5.77368e-07 -5.77993e-07 -4.82037e-08 -4.74031e-08 -0.000312961 -0.000313368 -0.000290994 -0.000291483 0.000260099 0.000261012 0.000292861 0.000293762 2.07109e-06 -5.75012e-10 0.15144 1.91038e-07 -1.70789e-05 -1.41851e-08 1
0.1 0.000101933 -5.99842e-07 -6.00488e-07 -4.65024e-08 -4.56737e-08 -0.000325321 -0.000325741 -0.000302057 -0.000302562 0.000269775 0.000270719 0.000303957 0.000304887 2.15815e-06 -5.92564e-10 0.150459 1.97512e-07 -1.76699e-05 -1.47965e-08 1
0.101 0.000105428 -6.22981e-07 -6.23647e-07 -4.45771e-08 -4.37197e-08 -0.000338043 -0.000338476 -0.000313424 -0.000313946 0.0002797 0.000280676 0.000315357 0.000316317 2.24799e-06 -6.1039e-10 0.149468 2.0413e-07 -1.82741e-05 -1.54287e-08 1
0.102 0.000109001 -6.46798e-07 -6.47486e-07 -4.24166e-08 -4.15297e-08 -0.000351132 -0.000351579 -0.0003251 -0.000325638 0.000289879 0.000290886 0.000327067 0.000328058 2.34067e-06 -6.28486e-10 0.148468 2.10892e-07 -1.88917e-05 -1.60821e-08 1
0.103 0.000112653 -6.7131e-07 -6.72019e-07 -4.00094e-08 -3.90923e-08 -0.000364598 -0.000365057 -0.00033709 -0.000337646 0.000300313 0.000301353 0.000339091 0.000340114 2.43626e-06 -6.46847e-10 0.147457 2.17799e-07 -1.95227e-05 -1.67573e-08 1
0.104 0.000116385 -6.96531e-07 -6.97262e-07 -3.73437e-08 -3.63957e-08 -0.000378446 -0.000378919 -0.000349401 -0.000349974 0.000311006 0.00031208 0.000351436 0.000352491 2.53482e-06 -6.65469e-10 0.146437 2.24854e-07 -2.01673e-05 -1.74548e-08 1
0.105 0.000120198 -7.22477e-07 -7.23231e-07 -3.44072e-08 -3.34275e-08 -0.000392684 -0.00039317 -0.000362036 -0.000362627 0.000321962 0.00032307 0.000364107 0.000365195 2.63641e-06 -6.84347e-10 0.145407 2.32057e-07 -2.08256e-05 -1.81753e-08 1
0.106 0.000124093 -7.49165e-07 -7.49942e-07 -3.11874e-08 -3.01753e-08 -0.000407319 -0.00040782 -0.000375002 -0.000375612 0.000333184 0.000334326 0.00037711 0.000378231 2.7411e-06 -7.03474e-10 0.144367 2.3941e-07 -2.14976e-05 -1.89194e-08 1
0.107 0.00012807 -7.7661e-07 -7.77411e-07 -2.76714e-08 -2.6626e-08 -0.00042236 -0.000422875 -0.000388304 -0.000388933 0.000344674 0.000345852 0.000390449 0.000391605 2.84897e-06 -7.22845e-10 0.143317 2.46913e-07 -2.21835e-05 -1.96876e-08 1
0.108 0.000132129 -8.0483e-07 -8.05655e-07 -2.38458e-08 -2.27665e-08 -0.000437814 -0.000438343 -0.000401949 -0.000402596 0.000356437 0.000357651 0.000404132 0.000405323 2.96007e-06 -7.42453e-10 0.142258 2.54569e-07 -2.28833e-05 -2.04805e-08 1
0.109 0.000136273 -8.33842e-07 -8.34691e-07 -1.96971e-08 -1.8583e-08 -0.000453688 -0.000454232 -0.00041594 -0.000416607 0.000368474 0.000369725 0.000418163 0.00041939 3.07448e-06 -7.6229e-10 0.141188 2.62379e-07 -2.35971e-05 -2.12988e-08 1
0.11 0.0001405 -8.63663e-07 -8.64538e-07 -1.52112e-08 -1.40613e-08 -0.00046999 -0.000470549 -0.000430285 -0.000430971 0.000380789 0.000382078 0.000432548 0.000433812 3.19227e-06 -7.82348e-10 0.140109 2.70343e-07 -2.43251e-05 -2.21432e-08 1
0.111 0.000144812 -8.94312e-07 -8.95211e-07 -1.03735e-08 -9.18717e-09 -0.000486729 -0.000487303 -0.000444988 -0.000445695 0.000393386 0.000394713 0.000447294 0.000448594 3.31351e-06 -8.0262e-10 0.13902 2.78464e-07 -2.50673e-05 -2.30142e-08 1
0.112 0.00014921 -9.25806e-07 -9.26731e-07 -5.16919e-09 -3.94556e-09 -0.000503913 -0.000504502 -0.000460056 -0.000460784 0.000406266 0.000407633 0.000462406 0.000463744 3.43827e-06 -8.23096e-10 0.137922 2.86742e-07 -2.58237e-05 -2.39126e-08 1
0.113 0.000153694 -9.58164e-07 -9.59116e-07 4.16977e-10 1.6788e-09 -0.000521549 -0.000522153 -0.000475495 -0.000476243 0.000419433 0.000420841 0.00047789 0.000479266 3.56663e-06 -8.43767e-10 0.136813 2.95179e-07 -2.65945e-05 -2.4839e-08 1
0.114 0.000158265 -9.91406e-07 -9.92385e-07 6.40074e-09 7.70163e-09 -0.000539645 -0.000540265 -0.00049131 -0.00049208 0.00043289 0.000434339 0.000493752 0.000495168 3.69867e-06 -8.64622e-10 0.135695 3.03775e-07 -2.73797e-05 -2.57942e-08 1
0.115 0.000162923 -1.02555e-06 -1.02656e-06 1.27982e-08 1.41391e-08 -0.000558211 -0.000558847 -0.000507507 -0.000508298 0.00044664 0.00044813 0.000509998 0.000511454 3.83446e-06 -8.8565e-10 0.134566 3.12533e-07 -2.81794e-05 -2.67788e-08 1
0.116 0.00016767 -1.06062e-06 -1.06165e-06 1.96261e-08 2.10079e-08 -0.000577254 -0.000577906 -0.000524092 -0.000524906 0.000460684 0.000462217 0.000526635 0.000528131 3.97407e-06 -9.0684e-10 0.133428 3.21452e-07 -2.89936e-05 -2.77936e-08 1
0.117 0.000172504 -1.09663e-06 -1.09769e-06 2.69014e-08 2.83249e-08 -0.000596784 -0.000597452 -0.000541072 -0.000541908 0.000475027 0.000476603 0.000543667 0.000545206 4.11759e-06 -9.28179e-10 0.132281 3.30535e-07 -2.98224e-05 -2.88393e-08 1
0.118 0.000177428 -1.1336e-06 -1.13469e-06 3.46415e-08 3.61079e-08 -0.000616808 -0.000617493 -0.000558451 -0.000559311 0.00048967 0.00049129 0.000561103 0.000562684 4.2651e-06 -9.49654e-10 0.131123 3.39783e-07 -3.06659e-05 -2.99168e-08 1
0.119 0.000182442 -1.17156e-06 -1.17268e-06 4.28647e-08 4.43747e-08 -0.000637336 -0.000638037 -0.000576238 -0.00057712 0.000504615 0.000506281 0.000578948 0.000580571 4.41668e-06 -9.7125e-10 0.129955 3.49196e-07 -3.15241e-05 -3.10267e-08 1
0.12 0.000187546 -1.21053e-06 -1.21168e-06 5.15892e-08 5.31439e-08 -0.000658376 -0.000659095 -0.000594436 -0.000595343 0.000519866 0.000521578 0.000597208 0.000598876 4.57242e-06 -9.92953e-10 0.128778 3.58776e-07 -3.2397e-05 -3.21698e-08 1
0.121 0.00019274 -1.25053e-06 -1.25171e-06 6.08341e-08 6.24345e-08 -0.000679938 -0.000680673 -0.000613054 -0.000613985 0.000535425 0.000537184 0.00061589 0.000617602 4.73238e-06 -1.01475e-09 0.127591 3.68524e-07 -3.32847e-05 -3.33471e-08 1
0.122 0.000198026 -1.29158e-06 -1.29279e-06 7.06189e-08 7.2266e-08 -0.00070203 -0.000702783 -0.000632097 -0.000633052 0.000551293 0.0005531 0.000635001 0.000636758 4.89668e-06 -1.03661e-09 0.126394 3.78442e-07 -3.41872e-05 -3.45593e-08 1
0.123 0.000203403 -1.33371e-06 -1.33495e-06 8.09636e-08 8.26584e-08 -0.000724662 -0.000725433 -0.000651571 -0.000652551 0.000567474 0.00056933 0.000654546 0.00065635 5.06538e-06 -1.05854e-09 0.125188 3.88529e-07 -3.51046e-05 -3.58073e-08 1
0.124 0.000208873 -1.37694e-06 -1.37821e-06 9.18888e-08 9.36324e-08 -0.000747843 -0.000748631 -0.000671482 -0.000672489 0.000583968 0.000585874 0.000674533 0.000676384 5.23857e-06 -1.0805e-09 0.123971 3.98788e-07 -3.60368e-05 -3.70919e-08 1
0.125 0.000214436 -1.42129e-06 -1.42259e-06 1.03416e-07 1.05209e-07 -0.000771582 -0.000772389 -0.000691838 -0.000692871 0.000600779 0.000602735 0.000694968 0.000696867 5.41636e-06 -1.10247e-09 0.122745 4.09219e-07 -3.69839e-05 -3.84141e-08 1
0.126 0.000220091 -1.46679e-06 -1.46813e-06 1.15566e-07 1.1741e-07 -0.00079589 -0.000796715 -0.000712645 -0.000713704 0.000617907 0.000619916 0.000715858 0.000717805 5.59882e-06 -1.12445e-09 0.121509 4.19823e-07 -3.79459e-05 -3.97747e-08 1
0.127 0.00022584 -1.51347e-06 -1.51484e-06 1.28361e-07 1.30257e-07 -0.000820775 -0.000821619 -0.000733909 -0.000734995 0.000635355 0.000637416 0.000737211 0.000739207 5.78606e-06 -1.14639e-09 0.120263 4.30601e-07 -3.89228e-05 -4.11747e-08 1
0.128 0.000231683 -1.56135e-06 -1.56275e-06 1.41825e-07 1.43774e-07 -0.000846248 -0.00084711 -0.000755637 -0.00075675 0.000653124 0.000655239 0.000759031 0.000761078 5.97816e-06 -1.16829e-09 0.119007 4.41555e-07 -3.99146e-05 -4.26151e-08 1
0.129 0.00023762 -1.61045e-06 -1.61189e-06 1.5598e-07 1.57984e-07 -0.000872319 -0.000873199 -0.000777835 -0.000778976 0.000671216 0.000673385 0.000781328 0.000783425 6.17523e-06 -1.1901e-09 0.117741 4.52686e-07 -4.09213e-05 -4.40967e-08 1
0.13 0.000243652 -1.66082e-06 -1.66229e-06 1.70852e-07 1.72911e-07 -0.000898997 -0.000899897 -0.00080051 -0.000801679 0.000689632 0.000691857 0.000804107 0.000806257 6.37735e-06 -1.21182e-09 0.116466 4.63993e-07 -4.19429e-05 -4.56207e-08 1
0.131 0.000249778 -1.71247e-06 -1.71398e-06 1.86463e-07 1.88579e-07 -0.000926293 -0.000927212 -0.000823669 -0.000824867 0.000708373 0.000710655 0.000827376 0.000829578 6.58463e-06 -1.23341e-09 0.115181 4.75479e-07 -4.29793e-05 -4.7188e-08 1
0.132 0.000256 -1.76543e-06 -1.76698e-06 2.02841e-07 2.05015e-07 -0.000954217 -0.000955155 -0.000847319 -0.000848546 0.00072744 0.000729779 0.000851142 0.000853398 6.79718e-06 -1.25483e-09 0.113886 4.87145e-07 -4.40306e-05 -4.87996e-08 1
0.133 0.000262318 -1.81974e-06 -1.82132e-06 2.2001e-07 2.22243e-07 -0.00098278 -0.000983737 -0.000871467 -0.000872723 0.000746834 0.000749233 0.000875412 0.000877722 7.01508e-06 -1.27607e-09 0.112581 4.9899e-07 -4.50966e-05 -5.04567e-08 1
0.134 0.000268731 -1.87542e-06 -1.87704e-06 2.37997e-07 2.40291e-07 -0.00101199 -0.00101297 -0.000896118 -0.000897405 0.000766556 0.000769015 0.000900193 0.00090256 7.23846e-06 -1.29708e-09 0.111266 5.11016e-07 -4.61774e-05 -5.21604e-08 1
0.135 0.000275241 -1.93251e-06 -1.93416e-06 2.5683e-07 2.59186e-07 -0.00104186 -0.00104286 -0.000921281 -0.000922599 0.000786607 0.000789126 0.000925494 0.000927916 7.46741e-06 -1.31784e-09 0.109942 5.23224e-07 -4.7273e-05 -5.39116e-08 1
0.136 0.000281847 -1.99103e-06 -1.99273e-06 2.76537e-07 2.78956e-07 -0.00107241 -0.00107342 -0.000946963 -0.000948311 0.000806987 0.000809568 0.000951321 0.0009538 7.70204e-06 -1.3383e-09 0.108608 5.35615e-07 -4.83831e-05 -5.57117e-08 1
0.137 0.000288549 -2.05102e-06 -2.05276e-06 2.97147e-07 2.99629e-07 -0.00110363 -0.00110467 -0.00097317 -0.00097455 0.000827695 0.00083034 0.000977681 0.000980219 7.94247e-06 -1.35842e-09 0.107264 5.4819e-07 -4.95079e-05 -5.75617e-08 1
0.138 0.000295348 -2.11252e-06 -2.11429e-06 3.18688e-07 3.21236e-07 -0.00113555 -0.00113661 -0.000999909 -0.00100132 0.000848733 0.000851442 0.00100458 0.00100718 8.18879e-06 -1.37818e-09 0.10591 5.60949e-07 -5.06471e-05 -5.94629e-08 1
0.139 0.000302244 -2.17556e-06 -2.17737e-06 3.41192e-07 3.43807e-07 -0.00116817 -0.00116925 -0.00102719 -0.00102863 0.0008701 0.000872874 0.00103203 0.00103469 8.44114e-06 -1.39751e-09 0.104546 5.73893e-07 -5.18008e-05 -6.14164e-08 1
0.14 0.000309236 -2.24017e-06 -2.24202e-06 3.64689e-07 3.67373e-07 -0.00120151 -0.0012026 -0.00105501 -0.00105649 0.000891795 0.000894636 0.00106004 0.00106276 8.69963e-06 -1.41639e-09 0.103173 5.87023e-07 -5.29689e-05 -6.34235e-08 1
0.141 0.000316326 -2.30639e-06 -2.30828e-06 3.89211e-07 3.91965e-07 -0.00123557 -0.00123669 -0.00108339 -0.00108491 0.000913818 0.000916727 0.00108862 0.0010914 8.96436e-06 -1.43476e-09 0.101789 6.0034e-07 -5.41511e-05 -6.54856e-08 1
0.142 0.000323513 -2.37426e-06 -2.37619e-06 4.14791e-07 4.17616e-07 -0.00127038 -0.00127151 -0.00111234 -0.00111388 0.000936168 0.000939146 0.00111776 0.0011206 9.23548e-06 -1.45257e-09 0.100396 6.13844e-07 -5.53475e-05 -6.76038e-08 1
0.143 0.000330797 -2.44381e-06 -2.44578e-06 4.41463e-07 4.4436e-07 -0.00130593 -0.00130709 -0.00114185 -0.00114343 0.000958845 0.000961893 0.00114749 0.00115039 9.51309e-06 -1.46978e-09 0.0989931 6.27536e-07 -5.65579e-05 -6.97797e-08 1
0.144 0.000338178 -2.51509e-06 -2.5171e-06 4.6926e-07 4.72232e-07 -0.00134225 -0.00134343 -0.00117193 -0.00117355 0.000981845 0.000984965 0.0011778 0.00118077 9.79732e-06 -1.48631e-09 0.0975803 6.41417e-07 -5.77822e-05 -7.20144e-08 1
0.145 0.000345656 -2.58813e-06 -2.59019e-06 4.98217e-07 5.01265e-07 -0.00137934 -0.00138054 -0.0012026 -0.00120425 0.00100517 0.00100836 0.00120871 0.00121175 1.00883e-05 -1.50213e-09 0.0961578 6.55487e-07 -5.90202e-05 -7.43095e-08 1
0.146 -0.000620196 -0.000475867 -0.00047587 -0.000301819 -0.000301817 -0.00587498 -0.00578682 -0.00333808 -0.00344334 0.00810888 0.00809373 0.00610313 0.00614701 5.31263e-06 3.85191e-05 0.095863 3.10723e-06 -6.26999e-05 -3.9863e-05 1
0.147 -0.0016584 -0.000951282 -0.000951285 -0.000603197 -0.000603191 -0.0102963 -0.0101155 -0.00537722 -0.00558547 0.0151315 0.0150948 0.010913 0.0109951 3.19615e-07 7.70283e-05 0.095568 4.93636e-06 -5.39769e-05 -8.00131e-05 1
0.148 -0.00276723 -0.00142886 -0.00142885 -0.000903747 -0.000903626 -0.0146452 -0.0143688 -0.00732335 -0.00763396 0.0220756 0.0220144 0.0156415 0.0157592 -4.8834e-06 0.00011551 0.0952726 6.16889e-06 -3.31155e-05 -0.000120523 1
0.149 -0.00394496 -0.00190861 -0.0019086 -0.00120369 -0.00120312 -0.0189237 -0.0185486 -0.00917979 -0.00959202 0.0289435 0.0288548 0.0202917 0.0204425 -1.02742e-05 0.000153934 0.094977 6.83057e-06 -3.73706e-07 -0.00016139 1
0.15 -0.00518992 -0.00239056 -0.00239053 -0.0015032 -0.00150166 -0.0231337 -0.0226569 -0.0109497 -0.0114628 0.0357375 0.0356187 0.0248664 0.025048 -1.58381e-05 0.000192278 0.0946811 6.94681e-06 4.39964e-05 -0.000202612 1
0.151 -0.00650052 -0.00287475 -0.00287469 -0.0018024 -0.00179927 -0.0272769 -0.0266956 -0.0126362 -0.0132493 0.04246 0.0423083 0.0293686 0.0295786 -2.15654e-05 0.000230525 0.0943848 6.5427e-06 9.97487e-05 -0.000244187 1
0.152 -0.00787518 -0.0033612 -0.0033611 -0.00210139 -0.00209596 -0.0313552 -0.0306666 -0.0142423 -0.0149545 0.049113 0.048926 0.033801 0.0340372 -2.74498e-05 0.000268662 0.0940883 5.64299e-06 0.000166643 -0.000286113 1
0.153 -0.00931239 -0.00384994 -0.00384979 -0.00240027 -0.00239174 -0.0353703 -0.0345716 -0.0157708 -0.0165813 0.0556987 0.0554739 0.0381661 0.0384264 -3.34875e-05 0.000306682 0.0937914 4.27216e-06 0.000244445 -0.00032839 1
0.154 -0.0108107 -0.004341 -0.00434079 -0.0026991 -0.00268664 -0.0393238 -0.0384124 -0.0172246 -0.0181326 0.0622191 0.0619544 0.0424666 0.0427491 -3.96764e-05 0.000344576 0.0934941 2.45434e-06 0.000332926 -0.000371015 1
0.155 -0.0123686 -0.00483444 -0.00483414 -0.00299794 -0.00298067 -0.0432173 -0.0421907 -0.0186063 -0.0196111 0.0686763 0.0683695 0.0467049 0.0470075 -4.60158e-05 0.00038234 0.0931965 2.13366e-07 0.000431863 -0.000413987 1
0.156 -0.0139847 -0.00533028 -0.00532989 -0.00329685 -0.00327385 -0.0470525 -0.0459081 -0.0199186 -0.0210194 0.0750721 0.0747211 0.0508834 0.0512044 -5.2506e-05 0.000419971 0.0928985 -2.42724e-06 0.000541037 -0.000457306 1
0.157 -0.0156578 -0.00582856 -0.00582806 -0.00359588 -0.00356623 -0.0508308 -0.0495662 -0.0211641 -0.0223601 0.0814083 0.0810113 0.0550043 0.055342 -5.91477e-05 0.000457465 0.0926001 -5.44425e-06 0.000660236 -0.000500968 1
0.158 -0.0173863 -0.00632933 -0.00632869 -0.00389505 -0.00385781 -0.0545537 -0.0531666 -0.0223452 -0.0236358 0.0876869 0.0872419 0.0590699 0.0594228 -6.59424e-05 0.000494821 0.0923014 -8.81475e-06 0.000789252 -0.000544974 1
0.159 -0.0191692 -0.00683263 -0.00683184 -0.00419442 -0.00414863 -0.0582227 -0.0567106 -0.0234643 -0.024849 0.0939095 0.0934149 0.0630823 0.0634488 -7.28921e-05 0.000532038 0.0920022 -1.25161e-05 0.000927882 -0.000589323 0.999999
0.16 -0.021005 -0.0073385 -0.00733754 -0.00449402 -0.00443873 -0.0618391 -0.0601999 -0.0245238 -0.026002 0.100078 0.0995319 0.0670437 0.0674224 -7.99987e-05 0.000569117 0.0917027 -1.65261e-05 0.00107593 -0.000634013 0.999999
0.161 -0.0228927 -0.00784699 -0.00784583 -0.00479387 -0.00472812 -0.0654044 -0.0636358 -0.025526 -0.0270971 0.106193 0.105595 0.0709559 0.0713455 -8.72647e-05 0.000606057 0.0914027 -2.08226e-05 0.0012332 -0.000679043 0.999999
0.162 -0.0248309 -0.00835814 -0.00835677 -0.005094 -0.00501685 -0.0689198 -0.0670197 -0.026473 -0.0281367 0.112258 0.111605 0.074821 0.0752203 -9.46926e-05 0.000642859 0.0911023 -2.53839e-05 0.00139951 -0.000724412 0.999999
0.163 -0.0268186 -0.00887201 -0.00887039 -0.00539445 -0.00530494 -0.0723867 -0.0703529 -0.027367 -0.0291229 0.118273 0.117564 0.0786408 0.0790487 -0.000102285 0.000679526 0.0908015 -3.01887e-05 0.00157467 -0.00077012 0.999998
0.164 -0.0288546 -0.00938863 -0.00938675 -0.00569522 -0.00559243 -0.0758063 -0.0736368 -0.0282101 -0.0300578 0.12424 0.123474 0.0824172 0.0828326 -0.000110044 0.000716058 0.0905002 -3.52157e-05 0.0017585 -0.000816166 0.999998
0.165 -0.0309378 -0.00990807 -0.00990589 -0.00599636 -0.00587935 -0.0791797 -0.0768726 -0.0290042 -0.0309436 0.13016 0.129337 0.0861518 0.0865739 -0.000117973 0.000752458 0.0901984 -4.04442e-05 0.00195083 -0.000862548 0.999998
0.166 -0.0330672 -0.0104304 -0.0104279 -0.00629786 -0.00616574 -0.0825083 -0.0800615 -0.0297514 -0.0317822 0.136035 0.135153 0.0898464 0.0902743 -0.000126074 0.000788728 0.0898962 -4.58536e-05 0.00215148 -0.000909266 0.999997
0.167 -0.0352417 -0.0109556 -0.0109527 -0.00659977 -0.00645163 -0.0857931 -0.0832048 -0.0304535 -0.0325756 0.141866 0.140923 0.0935027 0.0939356 -0.00013435 0.000824871 0.0895935 -5.14236e-05 0.0023603 -0.000956319 0.999997
0.168 -0.0374603 -0.0114837 -0.0114805 -0.00690208 -0.00673706 -0.0890353 -0.0863035 -0.0311124 -0.0333257 0.147655 0.146651 0.0971221 0.0975594 -0.000142804 0.00086089 0.0892904 -5.71343e-05 0.00257711 -0.00100371 0.999996
0.169 -0.039722 -0.0120149 -0.0120113 -0.00720483 -0.00702206 -0.092236 -0.0893589 -0.0317298 -0.0340344 0.153402 0.152336 0.100706 0.101147 -0.000151438 0.000896787 0.0889867 -6.2966e-05 0.00280176 -0.00105143 0.999996
0.17 -0.0420258 -0.0125492 -0.0125451 -0.00750802 -0.00730668 -0.0953963 -0.0923721 -0.0323075 -0.0347034 0.159109 0.15798 0.104257 0.104701 -0.000160255 0.000932566 0.0886826 -6.88991e-05 0.0030341 -0.00109948 0.999995
0.171 -0.0443709 -0.0130865 -0.013082 -0.00781167 -0.00759094 -0.0985171 -0.0953441 -0.0328472 -0.0353346 0.164776 0.163585 0.107775 0.108222 -0.000169257 0.000968231 0.088378 -7.49146e-05 0.00327396 -0.00114787 0.999994
0.172 -0.0467563 -0.0136271 -0.0136221 -0.00811578 -0.00787489 -0.101599 -0.098276 -0.0333506 -0.0359295 0.170406 0.169151 0.111261 0.111711 -0.000178447 0.00100379 0.0880728 -8.09936e-05 0.00352121 -0.00119659 0.999993
0.173 -0.0491811 -0.0141709 -0.0141654 -0.00842039 -0.00815856 -0.104644 -0.101169 -0.0338191 -0.0364898 0.176 0.174679 0.114719 0.115171 -0.000187826 0.00103923 0.0877672 -8.71175e-05 0.00377571 -0.00124564 0.999992
0.174 -0.0516445 -0.0147179 -0.0147119 -0.00872548 -0.008442 -0.107653 -0.104023 -0.0342543 -0.0370173 0.181557 0.180172 0.118148 0.118602 -0.000197398 0.00107458 0.087461 -9.32678e-05 0.0040373 -0.00129502 0.999991
0.175 -0.0541456 -0.0152683 -0.0152618 -0.00903108 -0.00872523 -0.110626 -0.106841 -0.0346577 -0.0375132 0.187081 0.185629 0.121549 0.122005 -0.000207164 0.00110982 0.0871543 -9.94267e-05 0.00430585 -0.00134473 0.99999
0.176 -0.0566837 -0.0158221 -0.015815 -0.00933719 -0.00900829 -0.113564 -0.109622 -0.0350309 -0.0379793 0.19257 0.191053 0.124925 0.125383 -0.000217127 0.00114497 0.086847 -0.000105576 0.00458123 -0.00139477 0.999989
0.177 -0.0592578 -0.0163794 -0.0163716 -0.00964383 -0.00929123 -0.116469 -0.112368 -0.035375 -0.038417 0.198027 0.196443 0.128276 0.128736 -0.000227288 0.00118003 0.0865393 -0.000111699 0.0048633 -0.00144513 0.999987
0.178 -0.0618673 -0.0169402 -0.0169318 -0.00995098 -0.00957409 -0.119341 -0.11508 -0.0356916 -0.0388276 0.203452 0.201802 0.131604 0.132065 -0.000237651 0.00121501 0.086231 -0.000117777 0.00515195 -0.00149583 0.999986
0.179 -0.0645114 -0.0175046 -0.0174955 -0.0102587 -0.00985689 -0.122181 -0.117758 -0.035982 -0.0392126 0.208846 0.20713 0.134908 0.135372 -0.000248216 0.0012499 0.0859221 -0.000123794 0.00544703 -0.00154685 0.999984
0.18 -0.0671894 -0.0180726 -0.0180627 -0.0105669 -0.0101397 -0.124989 -0.120404 -0.0362473 -0.0395733 0.21421 0.212427 0.138192 0.138658 -0.000258986 0.00128472 0.0856127 -0.000129732 0.00574844 -0.00159821 0.999982
0.181 -0.0699005 -0.0186443 -0.0186337 -0.0108756 -0.0104225 -0.127768 -0.123018 -0.0364889 -0.039911 0.219546 0.217696 0.141454 0.141923 -0.000269962 0.00131946 0.0853027 -0.000135576 0.00605604 -0.00164988 0.99998
0.182 -0.0726441 -0.0192197 -0.0192084 -0.0111849 -0.0107054 -0.130516 -0.125601 -0.036708 -0.040227 0.224853 0.222936 0.144697 0.14517 -0.000281146 0.00135414 0.0849922 -0.000141309 0.00636973 -0.00170189 0.999978
0.183 -0.0754194 -0.019799 -0.0197869 -0.0114948 -0.0109883 -0.133236 -0.128153 -0.0369057 -0.0405225 0.230132 0.228149 0.147922 0.148398 -0.00029254 0.00138875 0.0846811 -0.000146915 0.00668938 -0.00175422 0.999976
0.184 -0.0782259 -0.0203821 -0.0203692 -0.0118052 -0.0112714 -0.135928 -0.130676 -0.0370831 -0.0407987 0.235385 0.233335 0.151129 0.151608 -0.000304146 0.00142331 0.0843695 -0.000152378 0.0070149 -0.00180687 0.999974
0.185 -0.0810628 -0.0209692 -0.0209555 -0.0121161 -0.0115547 -0.138592 -0.133171 -0.0372414 -0.0410567 0.240613 0.238495 0.154319 0.154803 -0.000315965 0.00145781 0.0840573 -0.000157682 0.00734616 -0.00185985 0.999971
0.186 -0.0839296 -0.0215602 -0.0215457 -0.0124275 -0.0118382 -0.14123 -0.135637 -0.0373815 -0.0412977 0.245814 0.243631 0.157492 0.157982 -0.000327998 0.00149226 0.0837445 -0.000162812 0.00768306 -0.00191315 0.999969
0.187 -0.0868256 -0.0221553 -0.0221399 -0.0127395 -0.0121219 -0.143842 -0.138077 -0.0375046 -0.0415228 0.250992 0.248742 0.160651 0.161146 -0.000340248 0.00152667 0.0834311 -0.000167754 0.00802549 -0.00196678 0.999966
0.188 -0.0897502 -0.0227546 -0.0227383 -0.0130521 -0.0124059 -0.146428 -0.14049 -0.0376116 -0.041733 0.256146 0.25383 0.163795 0.164297 -0.000352715 0.00156105 0.0831172 -0.000172491 0.00837336 -0.00202073 0.999963
0.189 -0.0927029 -0.023358 -0.0233408 -0.0133651 -0.0126902 -0.14899 -0.142876 -0.0377035 -0.0419294 0.261277 0.258895 0.166926 0.167435 -0.0003654 0.00159539 0.0828027 -0.000177009 0.00872656 -0.00207501 0.99996
0.19 -0.095683 -0.0239656 -0.0239475 -0.0136787 -0.0129749 -0.151529 -0.145238 -0.0377812 -0.0421129 0.266385 0.263938 0.170043 0.17056 -0.000378306 0.0016297 0.0824876 -0.000181295 0.009085 -0.0021296 0.999956
0.191 -0.0986901 -0.0245776 -0.0245586 -0.0139928 -0.0132599 -0.154043 -0.147575 -0.0378456 -0.0422846 0.271471 0.26896 0.173148 0.173675 -0.000391433 0.00166399 0.0821719 -0.000185333 0.00944857 -0.00218452 0.999953
0.192 -0.101724 -0.0251939 -0.0251739 -0.0143073 -0.0135454 -0.156535 -0.149889 -0.0378976 -0.0424454 0.276536 0.273961 0.176242 0.176778 -0.000404782 0.00169826 0.0818556 -0.00018911 0.00981719 -0.00223976 0.999949
0.193 -0.104783 -0.0258146 -0.0257937 -0.0146224 -0.0138313 -0.159006 -0.152179 -0.0379381 -0.0425961 0.281581 0.278941 0.179325 0.179872 -0.000418355 0.00173251 0.0815387 -0.000192612 0.0101908 -0.00229532 0.999945
0.194 -0.107868 -0.0264399 -0.026418 -0.014938 -0.0141176 -0.161454 -0.154446 -0.0379678 -0.0427378 0.286606 0.283903 0.182397 0.182957 -0.000432152 0.00176676 0.0812213 -0.000195825 0.0105692 -0.0023512 0.999941
0.195 -0.110977 -0.0270696 -0.0270468 -0.015254 -0.0144045 -0.163882 -0.156692 -0.0379876 -0.0428713 0.291611 0.288845 0.18546 0.186033 -0.000446174 0.00180101 0.0809032 -0.000198736 0.0109524 -0.0024074 0.999937
0.196 -0.114111 -0.027704 -0.0276802 -0.0155705 -0.0146919 -0.166289 -0.158916 -0.0379983 -0.0429973 0.296597 0.293769 0.188514 0.189101 -0.000460423 0.00183525 0.0805846 -0.000201333 0.0113403 -0.00246392 0.999933
0.197 -0.117269 -0.0283431 -0.0283182 -0.0158874 -0.0149799 -0.168677 -0.161119 -0.0380005 -0.0431169 0.301565 0.298675 0.191559 0.192161 -0.000474899 0.0018695 0.0802654 -0.000203601 0.0117328 -0.00252076 0.999928
0.198 -0.12045 -0.0289869 -0.028961 -0.0162048 -0.0152685 -0.171045 -0.163301 -0.0379951 -0.0432306 0.306515 0.303564 0.194596 0.195215 -0.000489602 0.00190377 0.0799456 -0.000205528 0.0121298 -0.00257792 0.999923
0.199 -0.123654 -0.0296354 -0.0296086 -0.0165226 -0.0155577 -0.173395 -0.165464 -0.0379827 -0.0433394 0.311447 0.308436 0.197625 0.198263 -0.000504534 0.00193804 0.0796252 -0.000207103 0.0125312 -0.0026354 0.999918
0.2 -0.126881 -0.0302889 -0.0302611 -0.0168408 -0.0158475 -0.175726 -0.167608 -0.037964 -0.043444 0.316362 0.313292 0.200647 0.201304 -0.000519696 0.00197234 0.0793042 -0.000208312 0.012937 -0.0026932 0.999913
0.201 -0.13013 -0.0309472 -0.0309185 -0.0171594 -0.016138 -0.17804 -0.169732 -0.0379396 -0.043545 0.321261 0.318132 0.203663 0.204341 -0.000535086 0.00200667 0.0789826 -0.000209144 0.0133471 -0.00275131 0.999907
0.202 -0.1334 -0.0316106 -0.0315808 -0.0174783 -0.0164293 -0.180337 -0.171839 -0.0379103 -0.0436433 0.326144 0.322957 0.206673 0.207373 -0.000550708 0.00204102 0.0786605 -0.000209586 0.0137614 -0.00280974 0.999901
0.203 -0.136692 -0.0322789 -0.0322482 -0.0177976 -0.0167212 -0.182617 -0.173928 -0.0378765 -0.0437395 0.331012 0.327768 0.209677 0.210401 -0.000566559 0.0020754 0.0783377 -0.000209628 0.0141798 -0.00286848 0.999895
0.204 -0.140004 -0.0329524 -0.0329208 -0.0181172 -0.0170139 -0.184881 -0.175999 -0.037839 -0.0438343 0.335864 0.332564 0.212676 0.213425 -0.000582642 0.00210983 0.0780144 -0.000209257 0.0146022 -0.00292755 0.999889
0.205 -0.143337 -0.033631 -0.0335985 -0.0184371 -0.0173074 -0.18713 -0.178054 -0.0377983 -0.0439284 0.340701 0.337346 0.21567 0.216446 -0.000598956 0.0021443 0.0776904 -0.000208463 0.0150287 -0.00298692 0.999883
0.206 -0.14669 -0.0343149 -0.0342814 -0.0187573 -0.0176017 -0.189363 -0.180092 -0.037755 -0.0440223 0.345524 0.342114 0.21866 0.219464 -0.000615501 0.00217881 0.0773659 -0.000207235 0.015459 -0.00304662 0.999876
0.207 -0.150063 -0.035004 -0.0349697 -0.0190778 -0.0178968 -0.191581 -0.182115 -0.0377095 -0.0441168 0.350333 0.34687 0.221646 0.22248 -0.000632278 0.00221338 0.0770408 -0.000205561 0.0158932 -0.00310662 0.999869
0.208 -0.153455 -0.0356985 -0.0356633 -0.0193985 -0.0181927 -0.193785 -0.184122 -0.0376625 -0.0442124 0.355128 0.351612 0.224628 0.225494 -0.000649287 0.002248 0.0767151 -0.000203432 0.0163311 -0.00316695 0.999862
0.209 -0.156866 -0.0363984 -0.0363623 -0.0197195 -0.0184895 -0.195975 -0.186114 -0.0376145 -0.0443097 0.35991 0.356343 0.227606 0.228506 -0.000666528 0.00228268 0.0763888 -0.000200836 0.0167727 -0.00322758 0.999854
0.21 -0.160295 -0.0371037 -0.0370669 -0.0200406 -0.0187872 -0.198152 -0.188091 -0.0375659 -0.0444094 0.364679 0.361062 0.230582 0.231516 -0.000684 0.00231743 0.076062 -0.000197764 0.017218 -0.00328853 0.999846
0.211 -0.163743 -0.0378145 -0.037777 -0.0203619 -0.0190858 -0.200316 -0.190055 -0.0375172 -0.0445118 0.369435 0.365769 0.233555 0.234526 -0.000701704 0.00235224 0.0757346 -0.000194206 0.0176668 -0.00334979 0.999838
0.212 -0.167208 -0.038531 -0.0384927 -0.0206833 -0.0193852 -0.202467 -0.192005 -0.0374689 -0.0446177 0.37418 0.370464 0.236526 0.237535 -0.00071964 0.00238712 0.0754066 -0.000190152 0.0181191 -0.00341136 0.99983
0.213 -0.170691 -0.039253 -0.0392141 -0.0210049 -0.0196856 -0.204605 -0.193941 -0.0374215 -0.0447275 0.378912 0.375149 0.239494 0.240544 -0.000737806 0.00242208 0.075078 -0.000185593 0.0185749 -0.00347325 0.999821
0.214 -0.174191 -0.0399808 -0.0399413 -0.0213265 -0.019987 -0.206733 -0.195865 -0.0373753 -0.0448417 0.383633 0.379824 0.242461 0.243553 -0.000756204 0.00245712 0.0747489 -0.000180518 0.019034 -0.00353544 0.999813
0.215 -0.177708 -0.0407143 -0.0406743 -0.0216482 -0.0202892 -0.208848 -0.197776 -0.0373309 -0.0449609 0.388342 0.384488 0.245426 0.246563 -0.000774831 0.00249224 0.0744191 -0.00017492 0.0194964 -0.00359794 0.999803
0.216 -0.181242 -0.0414537 -0.0414131 -0.02197 -0.0205925 -0.210953 -0.199675 -0.0372885 -0.0450856 0.39304 0.389142 0.24839 0.249572 -0.000793689 0.00252745 0.0740889 -0.000168789 0.0199621 -0.00366076 0.999794
0.217 -0.184792 -0.0421989 -0.0421579 -0.0222917 -0.0208967 -0.213047 -0.201562 -0.0372487 -0.0452161 0.397728 0.393787 0.251352 0.252583 -0.000812777 0.00256274 0.073758 -0.000162116 0.020431 -0.00372388 0.999784
0.218 -0.188357 -0.04295 -0.0429086 -0.0226134 -0.0212019 -0.215131 -0.203438 -0.0372118 -0.0453531 0.402405 0.398422 0.254314 0.255595 -0.000832093 0.00259813 0.0734267 -0.000154893 0.020903 -0.00378731 0.999774
0.219 -0.191939 -0.0437071 -0.0436655 -0.022935 -0.0215081 -0.217205 -0.205302 -0.0371781 -0.0454968 0.407071 0.403049 0.257276 0.258609 -0.000851637 0.00263361 0.0730947 -0.000147112 0.0213781 -0.00385105 0.999764
0.22 -0.195535 -0.0444703 -0.0444284 -0.0232565 -0.0218153 -0.219269 -0.207156 -0.0371481 -0.0456479 0.411728 0.407666 0.260237 0.261624 -0.000871409 0.00266919 0.0727622 -0.000138764 0.0218562 -0.0039151 0.999753
0.221 -0.199147 -0.0452395 -0.0451975 -0.0235779 -0.0221235 -0.221325 -0.209 -0.0371221 -0.0458067 0.416375 0.412275 0.263197 0.26464 -0.000891407 0.00270487 0.0724292 -0.000129842 0.0223373 -0.00397945 0.999743
0.222 -0.202774 -0.0460149 -0.0459729 -0.0238991 -0.0224327 -0.223371 -0.210834 -0.0371003 -0.0459735 0.421013 0.416876 0.266158 0.267659 -0.000911632 0.00274065 0.0720956 -0.000120338 0.0228212 -0.00404411 0.999731
0.223 -0.206415 -0.0467965 -0.0467546 -0.0242201 -0.0227429 -0.225409 -0.212658 -0.0370833 -0.0461489 0.425641 0.421469 0.269119 0.270681 -0.000932081 0.00277654 0.0717615 -0.000110244 0.023308 -0.00410908 0.99972
0.224 -0.21007 -0.0475844 -0.0475426 -0.0245408 -0.0230541 -0.227439 -0.214473 -0.0370712 -0.0463333 0.43026 0.426053 0.27208 0.273704 -0.000952753 0.00281254 0.0714268 -9.95531e-05 0.0237977 -0.00417435 0.999708
0.225 -0.213739 -0.0483785 -0.0483371 -0.0248613 -0.0233664 -0.229461 -0.216279 -0.0370644 -0.046527 0.434871 0.430631 0.275042 0.27673 -0.000973649 0.00284865 0.0710916 -8.82583e-05 0.02429 -0.00423992 0.999696
0.226 -0.217422 -0.0491791 -0.049138 -0.0251815 -0.0236796 -0.231476 -0.218076 -0.0370631 -0.0467303 0.439473 0.435201 0.278005 0.279759 -0.000994766 0.00288488 0.0707559 -7.63527e-05 0.0247851 -0.0043058 0.999684
0.227 -0.221118 -0.049986 -0.0499455 -0.0255017 -0.0239939 -0.233484 -0.219865 -0.0370681 -0.0469436 0.444066 0.439763 0.280968 0.282791 -0.00101606 0.00292117 0.0704197 -6.38297e-05 0.0252828 -0.00437198 0.999671
0.228 -0.224827 -0.0507993 -0.0507594 -0.0258227 -0.0243089 -0.235485 -0.221647 -0.0370804 -0.0471668 0.448651 0.444319 0.283933 0.285826 -0.00103741 0.00295743 0.070083 -5.06829e-05 0.025783 -0.00443846 0.999658
0.229 -0.228548 -0.0516191 -0.05158 -0.0261447 -0.0246247 -0.23748 -0.223421 -0.0371004 -0.0474003 0.453228 0.448868 0.286899 0.288865 -0.00105882 0.00299364 0.0697458 -3.69067e-05 0.0262859 -0.00450523 0.999644
0.23 -0.232282 -0.0524453 -0.0524071 -0.0264675 -0.0249413 -0.239469 -0.225187 -0.0371283 -0.0476443 0.457796 0.45341 0.289867 0.291906 -0.00108028 0.00302981 0.0694081 -2.24955e-05 0.0267912 -0.00457231 0.999631
0.231 -0.236028 -0.053278 -0.0532409 -0.0267911 -0.0252587 -0.241452 -0.226948 -0.0371644 -0.0478991 0.462357 0.457945 0.292837 0.294952 -0.0011018 0.00306594 0.0690699 -7.44408e-06 0.0272989 -0.00463967 0.999617
0.232 -0.239785 -0.0541174 -0.0540815 -0.0271156 -0.0255769 -0.243431 -0.228701 -0.037209 -0.0481651 0.46691 0.462474 0.295808 0.298 -0.00112336 0.00310203 0.0687312 8.25276e-06 0.0278091 -0.00470734 0.999602
0.233 -0.243555 -0.0549634 -0.0549289 -0.027441 -0.0258959 -0.245404 -0.230449 -0.0372624 -0.0484426 0.471456 0.466997 0.298781 0.301053 -0.00114495 0.00313808 0.0683921 2.45999e-05 0.0283216 -0.0047753 0.999587
0.234 -0.247335 -0.0558161 -0.0557832 -0.0277672 -0.0262156 -0.247372 -0.23219 -0.0373247 -0.0487317 0.475993 0.471514 0.301756 0.304109 -0.00116659 0.00317408 0.0680526 4.1602e-05 0.0288364 -0.00484355 0.999572
0.235 -0.251127 -0.0566755 -0.0566444 -0.0280943 -0.026536 -0.249336 -0.233926 -0.0373964 -0.0490328 0.480524 0.476024 0.304733 0.307169 -0.00118826 0.00321004 0.0677125 5.92635e-05 0.0293535 -0.0049121 0.999557
0.236 -0.254929 -0.0575418 -0.0575126 -0.0284221 -0.0268573 -0.251296 -0.235657 -0.0374776 -0.0493462 0.485048 0.480529 0.307713 0.310233 -0.00120995 0.00324595 0.067372 7.75887e-05 0.0298727 -0.00498094 0.999541
0.237 -0.258743 -0.0584149 -0.0583878 -0.0287508 -0.0271792 -0.253253 -0.237382 -0.0375685 -0.049672 0.489564 0.485028 0.310694 0.313301 -0.00123167 0.00328182 0.0670311 9.65816e-05 0.0303942 -0.00505008 0.999525
0.238 -0.262567 -0.059295 -0.0592703 -0.0290803 -0.0275019 -0.255205 -0.239103 -0.0376694 -0.0500106 0.494074 0.489522 0.313678 0.316373 -0.00125342 0.00331764 0.0666898 0.000116246 0.0309178 -0.0051195 0.999509
0.239 -0.266401 -0.060182 -0.0601598 -0.0294105 -0.0278252 -0.257155 -0.240819 -0.0377806 -0.0503622 0.498577 0.49401 0.316664 0.319449 -0.00127517 0.00335342 0.066348 0.000136586 0.0314434 -0.00518922 0.999492
0.24 -0.270245 -0.061076 -0.0610567 -0.0297416 -0.0281493 -0.259101 -0.242531 -0.0379021 -0.050727 0.503073 0.498493 0.319652 0.322529 -0.00129694 0.00338915 0.0660058 0.000157604 0.0319711 -0.00525922 0.999475
0.241 -0.274099 -0.0619772 -0.0619609 -0.0300733 -0.028474 -0.261045 -0.244239 -0.0380343 -0.0511052 0.507562 0.502971 0.322643 0.325614 -0.00131872 0.00342483 0.0656632 0.000179305 0.0325008 -0.00532952 0.999457
0.242 -0.277962 -0.0628854 -0.0628724 -0.0304059 -0.0287993 -0.262986 -0.245942 -0.0381774 -0.0514971 0.512046 0.507443 0.325636 0.328702 -0.00134051 0.00346046 0.0653201 0.00020169 0.0330325 -0.0054001 0.99944
0.243 -0.281835 -0.0638009 -0.0637914 -0.0307391 -0.0291253 -0.264925 -0.247643 -0.0383315 -0.0519028 0.516523 0.511911 0.328631 0.331795 -0.00136229 0.00349605 0.0649767 0.000224763 0.0335661 -0.00547097 0.999422
0.244 -0.285718 -0.0647236 -0.0647179 -0.031073 -0.0294519 -0.266862 -0.24934 -0.0384969 -0.0523227 0.520994 0.516374 0.331629 0.334891 -0.00138408 0.00353158 0.0646329 0.000248526 0.0341015 -0.00554212 0.999403
0.245 -0.289609 -0.0656536 -0.0656519 -0.0314076 -0.0297791 -0.268798 -0.251034 -0.0386737 -0.0527568 0.525458 0.520832 0.334629 0.337992 -0.00140585 0.00356707 0.0642887 0.000272982 0.0346388 -0.00561356 0.999384
0.246 -0.293509 -0.0665909 -0.0665936 -0.0317429 -0.0301069 -0.270732 -0.252725 -0.0388622 -0.0532055 0.529917 0.525285 0.337632 0.341097 -0.00142762 0.0036025 0.0639441 0.000298133 0.0351779 -0.00568529 0.999365
0.247 -0.297418 -0.0675357 -0.067543 -0.0320788 -0.0304352 -0.272665 -0.254413 -0.0390624 -0.0536688 0.53437 0.529734 0.340637 0.344207 -0.00144937 0.00363788 0.0635992 0.000323981 0.0357187 -0.0057573 0.999345
0.248 -0.301335 -0.0684878 -0.0685001 -0.0324153 -0.030764 -0.274597 -0.256099 -0.0392747 -0.0541469 0.538817 0.534178 0.343645 0.34732 -0.00147111 0.00367321 0.0632539 0.000350528 0.0362613 -0.00582959 0.999325
0.249 -0.30526 -0.0694475 -0.069465 -0.0327524 -0.0310933 -0.276528 -0.257783 -0.039499 -0.0546402 0.543258 0.538618 0.346655 0.350438 -0.00149282 0.00370848 0.0629082 0.000377774 0.0368055 -0.00590217 0.999305
0.25 -0.309194 -0.0704147 -0.0704379 -0.0330901 -0.0314231 -0.27846 -0.259465 -0.0397358 -0.0551486 0.547693 0.543053 0.349668 0.35356 -0.00151452 0.0037437 0.0625622 0.000405723 0.0373514 -0.00597503 0.999284
0.251 -0.313135 -0.0713895 -0.0714186 -0.0334282 -0.0317533 -0.28039 -0.261145 -0.0399849 -0.0556725 0.552123 0.547484 0.352683 0.356686 -0.00153618 0.00377886 0.0622159 0.000434375 0.0378988 -0.00604816 0.999263
0.252 -0.317084 -0.072372 -0.0724074 -0.0337669 -0.0320839 -0.282321 -0.262824 -0.0402468 -0.0562119 0.556548 0.551911 0.3557 0.359815 -0.00155781 0.00381396 0.0618692 0.00046373 0.0384479 -0.00612158 0.999242
0.253 -0.321041 -0.0733621 -0.0734042 -0.0341061 -0.0324149 -0.284253 -0.264501 -0.0405214 -0.056767 0.560967 0.556334 0.35872 0.362949 -0.00157941 0.00384901 0.0615222 0.00049379 0.0389984 -0.00619528 0.99922
0.254 -0.325005 -0.07436 -0.0744091 -0.0344457 -0.0327463 -0.286185 -0.266177 -0.0408089 -0.057338 0.56538 0.560752 0.361742 0.366087 -0.00160097 0.003884 0.0611749 0.000524556 0.0395505 -0.00626925 0.999198
0.255 -0.328977 -0.0753657 -0.0754222 -0.0347857 -0.0330779 -0.288117 -0.267852 -0.0411096 -0.0579251 0.569788 0.565167 0.364767 0.369229 -0.00162249 0.00391893 0.0608273 0.000556027 0.040104 -0.0063435 0.999175
0.256 -0.332955 -0.0763792 -0.0764435 -0.0351261 -0.0334098 -0.290051 -0.269527 -0.0414234 -0.0585283 0.574191 0.569577 0.367794 0.372375 -0.00164396 0.00395379 0.0604794 0.000588204 0.0406589 -0.00641802 0.999152
0.257 -0.33694 -0.0774007 -0.0774732 -0.0354668 -0.033742 -0.291986 -0.271201 -0.0417506 -0.0591478 0.578589 0.573983 0.370823 0.375524 -0.00166539 0.0039886 0.0601312 0.000621087 0.0412152 -0.00649283 0.999129
0.258 -0.340932 -0.07843 -0.0785112 -0.0358079 -0.0340744 -0.293922 -0.272875 -0.0420912 -0.0597838 0.582982 0.578386 0.373855 0.378678 -0.00168677 0.00402334 0.0597828 0.000654676 0.0417729 -0.0065679 0.999105
0.259 -0.34493 -0.0794673 -0.0795577 -0.0361492 -0.0344069 -0.29586 -0.274548 -0.0424455 -0.0604364 0.587369 0.582784 0.376888 0.381835 -0.0017081 0.00405801 0.059434 0.00068897 0.0423319 -0.00664325 0.999081
0.26 -0.348935 -0.0805127 -0.0806126 -0.0364907 -0.0347395 -0.2978 -0.276222 -0.0428135 -0.0611057 0.591752 0.587179 0.379924 0.384995 -0.00172936 0.00409262 0.0590851 0.00072397 0.0428921 -0.00671886 0.999057
0.261 -0.352946 -0.0815661 -0.081676 -0.0368325 -0.0350723 -0.299742 -0.277895 -0.0431954 -0.0617919 0.596129 0.591569 0.382962 0.388159 -0.00175057 0.00412717 0.0587358 0.000759673 0.0434536 -0.00679475 0.999032
0.262 -0.356963 -0.0826276 -0.0827481 -0.0371743 -0.0354051 -0.301686 -0.279569 -0.0435912 -0.062495 0.600502 0.595956 0.386001 0.391327 -0.00177172 0.00416164 0.0583864 0.000796079 0.0440164 -0.00687091 0.999007
0.263 -0.360986 -0.0836973 -0.0838289 -0.0375164 -0.0357378 -0.303633 -0.281244 -0.044001 -0.0632152 0.604869 0.600339 0.389043 0.394498 -0.0017928 0.00419605 0.0580367 0.000833188 0.0445803 -0.00694734 0.998981
0.264 -0.365014 -0.0847752 -0.0849183 -0.0378584 -0.0360706 -0.305583 -0.28292 -0.0444251 -0.0639526 0.609232 0.604718 0.392087 0.397672 -0.00181382 0.00423038 0.0576867 0.000870998 0.0451453 -0.00702404 0.998955
0.265 -0.369049 -0.0858614 -0.0860166 -0.0382005 -0.0364032 -0.307535 -0.284596 -0.0448635 -0.0647072 0.613589 0.609093 0.395132 0.400849 -0.00183476 0.00426465 0.0573366 0.000909506 0.0457115 -0.007101 0.998929
0.266 -0.373088 -0.0869558 -0.0871237 -0.0385426 -0.0367358 -0.309491 -0.286273 -0.0453162 -0.0654793 0.617942 0.613465 0.398179 0.404029 -0.00185564 0.00429884 0.0569863 0.000948713 0.0462787 -0.00717823 0.998902
0.267 -0.377133 -0.0880586 -0.0882397 -0.0388847 -0.0370681 -0.31145 -0.287952 -0.0457834 -0.066269 0.62229 0.617833 0.401228 0.407213 -0.00187644 0.00433296 0.0566357 0.000988615 0.046847 -0.00725572 0.998875
0.268 -0.381183 -0.0891698 -0.0893646 -0.0392266 -0.0374002 -0.313413 -0.289632 -0.0462652 -0.0670762 0.626633 0.622197 0.404279 0.410399 -0.00189716 0.004367 0.056285 0.00102921 0.0474163 -0.00733347 0.998848
0.269 -0.385238 -0.0902894 -0.0904986 -0.0395684 -0.037732 -0.315379 -0.291314 -0.0467617 -0.0679011 0.630972 0.626557 0.40733 0.413588 -0.0019178 0.00440096 0.0559341 0.0010705 0.0479867 -0.00741149 0.99882
0.27 -0.389298 -0.0914174 -0.0916416 -0.0399099 -0.0380635 -0.31735 -0.292998 -0.0472729 -0.0687438 0.635305 0.630913 0.410384 0.416779 -0.00193836 0.00443485 0.0555831 0.00111248 0.0485579 -0.00748977 0.998792
0.271 -0.393362 -0.0925539 -0.0927938 -0.0402512 -0.0383947 -0.319324 -0.294683 -0.047799 -0.0696044 0.639634 0.635266 0.413438 0.419973 -0.00195883 0.00446865 0.0552319 0.00115514 0.0491301 -0.0075683 0.998763
0.272 -0.397431 -0.093699 -0.0939552 -0.0405922 -0.0387253 -0.321303 -0.29637 -0.04834 -0.0704829 0.643958 0.639615 0.416494 0.42317 -0.00197922 0.00450238 0.0548806 0.00119849 0.0497032 -0.0076471 0.998734
0.273 -0.401505 -0.0948527 -0.0951258 -0.0409329 -0.0390555 -0.323286 -0.29806 -0.048896 -0.0713795 0.648278 0.64396 0.419551 0.426368 -0.00199952 0.00453602 0.0545291 0.00124251 0.0502772 -0.00772616 0.998705
0.274 -0.405583 -0.096015 -0.0963058 -0.0412731 -0.0393852 -0.325275 -0.299752 -0.049467 -0.0722942 0.652592 0.648301 0.422609 0.429569 -0.00201973 0.00456958 0.0541775 0.00128722 0.050852 -0.00780547 0.998675
0.275 -0.409664 -0.0971859 -0.0974951 -0.0416129 -0.0397142 -0.327267 -0.301447 -0.0500532 -0.0732271 0.656902 0.652639 0.425668 0.432772 -0.00203985 0.00460305 0.0538258 0.0013326 0.0514276 -0.00788503 0.998645
0.276 -0.41375 -0.0983655 -0.0986938 -0.0419521 -0.0400426 -0.329266 -0.303144 -0.0506547 -0.0741782 0.661208 0.656972 0.428728 0.435977 -0.00205987 0.00463643 0.053474 0.00137865 0.052004 -0.00796485 0.998614
0.277 -0.41784 -0.0995539 -0.0999021 -0.0422908 -0.0403703 -0.331269 -0.304843 -0.0512714 -0.0751476 0.665508 0.661302 0.431789 0.439183 -0.0020798 0.00466973 0.0531221 0.00142537 0.0525811 -0.00804492 0.998583
0.278 -0.421933 -0.100751 -0.10112 -0.0426288 -0.0406972 -0.333278 -0.306546 -0.0519035 -0.0761354 0.669804 0.665628 0.43485 0.442391 -0.00209963 0.00470294 0.0527701 0.00147276 0.053159 -0.00812525 0.998552
0.279 -0.42603 -0.101957 -0.102347 -0.0429661 -0.0410232 -0.335292 -0.308252 -0.0525509 -0.0771417 0.674095 0.669949 0.437912 0.4456 -0.00211936 0.00473605 0.052418 0.0015208 0.0537376 -0.00820582 0.99852
0.28 -0.430131 -0.103172 -0.103584 -0.0433027 -0.0413484 -0.337312 -0.309961 -0.0532139 -0.0781664 0.678381 0.674267 0.440974 0.448811 -0.002139 0.00476907 0.0520659 0.0015695 0.0543168 -0.00828664 0.998488
0.281 -0.434235 -0.104395 -0.104831 -0.0436385 -0.0416725 -0.339338 -0.311673 -0.0538923 -0.0792097 0.682663 0.678581 0.444037 0.452023 -0.00215852 0.004802 0.0517138 0.00161885 0.0548967 -0.00836771 0.998456
0.282 -0.438342 -0.105628 -0.106087 -0.0439734 -0.0419957 -0.34137 -0.313389 -0.0545864 -0.0802715 0.68694 0.682891 0.447099 0.455235 -0.00217795 0.00483483 0.0513616 0.00166885 0.0554771 -0.00844903 0.998423
0.283 -0.442452 -0.106869 -0.107354 -0.0443073 -0.0423177 -0.343409 -0.315108 -0.055296 -0.081352 0.691212 0.687197 0.450162 0.458449 -0.00219727 0.00486756 0.0510093 0.00171949 0.0560582 -0.00853059 0.99839
0.284 -0.446565 -0.10812 -0.10863 -0.0446403 -0.0426386 -0.345453 -0.316831 -0.0560214 -0.0824511 0.695479 0.691499 0.453224 0.461663 -0.00221649 0.0049002 0.0506571 0.00177077 0.0566399 -0.00861239 0.998356
0.285 -0.450681 -0.109379 -0.109916 -0.0449722 -0.0429583 -0.347505 -0.318557 -0.0567624 -0.083569 0.699742 0.695796 0.456287 0.464878 -0.00223559 0.00493273 0.0503049 0.00182268 0.057222 -0.00869444 0.998322
0.286 -0.4548 -0.110648 -0.111212 -0.0453029 -0.0432767 -0.349563 -0.320288 -0.0575192 -0.0847056 0.703999 0.700089 0.459349 0.468093 -0.0022546 0.00496516 0.0499526 0.00187522 0.0578047 -0.00877673 0.998288
0.287 -0.458921 -0.111926 -0.112518 -0.0456324 -0.0435937 -0.351628 -0.322023 -0.0582918 -0.085861 0.708252 0.704378 0.46241 0.471308 -0.00227349 0.00499748 0.0496004 0.00192838 0.0583879 -0.00885925 0.998253
0.288 -0.463045 -0.113212 -0.113834 -0.0459607 -0.0439092 -0.3537 -0.323761 -0.0590803 -0.0870351 0.7125 0.708663 0.465471 0.474522 -0.00229227 0.0050297 0.0492482 0.00198216 0.0589715 -0.00894202 0.998218
0.289 -0.467171 -0.114508 -0.115161 -0.0462876 -0.0442233 -0.35578 -0.325504 -0.0598846 -0.0882281 0.716743 0.712944 0.468531 0.477737 -0.00231094 0.00506181 0.048896 0.00203656 0.0595555 -0.00902502 0.998182
0.29 -0.471299 -0.115813 -0.116497 -0.0466131 -0.0445358 -0.357866 -0.327251 -0.0607048 -0.0894399 0.720981 0.71722 0.471591 0.480952 -0.0023295 0.00509382 0.0485439 0.00209156 0.06014 -0.00910826 0.998146
0.291 -0.47543 -0.117127 -0.117844 -0.0469372 -0.0448466 -0.359961 -0.329003 -0.0615409 -0.0906706 0.725215 0.721491 0.474649 0.484165 -0.00234795 0.00512571 0.0481919 0.00214716 0.0607249 -0.00919173 0.99811
0.292 -0.479562 -0.118451 -0.119201 -0.0472597 -0.0451556 -0.362063 -0.330759 -0.062393 -0.0919202 0.729443 0.725758 0.477706 0.487378 -0.00236629 0.00515748 0.0478399 0.00220335 0.0613101 -0.00927543 0.998073
0.293 -0.483697 -0.119783 -0.120568 -0.0475805 -0.0454629 -0.364172 -0.332519 -0.0632611 -0.0931886 0.733666 0.730021 0.480762 0.49059 -0.00238451 0.00518915 0.047488 0.00226014 0.0618956 -0.00935937 0.998036
0.294 -0.487833 -0.121125 -0.121946 -0.0478997 -0.0457683 -0.36629 -0.334285 -0.0641451 -0.0944759 0.737885 0.734279 0.483816 0.493801 -0.00240262 0.00522069 0.0471362 0.00231751 0.0624815 -0.00944353 0.997999
0.295 -0.491971 -0.122476 -0.123334 -0.048217 -0.0460717 -0.368415 -0.336055 -0.0650452 -0.0957822 0.742098 0.738532 0.486869 0.49701 -0.00242062 0.00525212 0.0467845 0.00237545 0.0630676 -0.00952792 0.997961
0.296 -0.496111 -0.123837 -0.124733 -0.0485326 -0.0463731 -0.370549 -0.33783 -0.0659613 -0.0971073 0.746306 0.74278 0.48992 0.500218 -0.00243851 0.00528343 0.0464329 0.00243396 0.0636541 -0.00961254 0.997923
0.297 -0.500252 -0.125206 -0.126142 -0.0488462 -0.0466724 -0.372692 -0.33961 -0.0668935 -0.0984513 0.750509 0.747024 0.49297 0.503424 -0.00245628 0.00531462 0.0460814 0.00249304 0.0642407 -0.00969738 0.997884
0.298 -0.504394 -0.126585 -0.127562 -0.0491577 -0.0469694 -0.374842 -0.341395 -0.0678417 -0.0998142 0.754707 0.751262 0.496017 0.506628 -0.00247394 0.00534568 0.0457301 0.00255268 0.0648276 -0.00978245 0.997845
0.299 -0.508538 -0.127974 -0.128993 -0.0494673 -0.0472642 -0.377001 -0.343185 -0.068806 -0.101196 0.758899 0.755496 0.499062 0.50983 -0.00249149 0.00537662 0.045379 0.00261286 0.0654147 -0.00986774 0.997806
3.42
