0 0 0 0 0 0 0 0 0 0 0 0 0 0 0 0 0.2 0 0 0 1
0.001 6.67442e-19 -1.24776e-18 -1.13014e-18 -9.73698e-19 -1.14217e-18 -1.05852e-18 -8.33983e-19 -9.62288e-20 -3.84915e-19 5.22612e-18 4.70925e-18 -4.02009e-19 -8.61448e-20 -9.94258e-21 6.52818e-20 0.19999 3.55271e-20 -2.55795e-19 -4.13558e-21 1
0.002 1.01325e-09 -6.37966e-10 6.30572e-10 -5.53914e-10 4.88928e-10 2.53997e-10 2.36465e-10 8.00941e-11 4.12776e-11 4.46924e-10 4.91049e-10 7.42848e-10 8.10579e-10 9.3887e-13 -3.72317e-14 0.199971 9.89938e-12 -1.79335e-10 4.6023e-13 1
0.003 6.06966e-09 -3.82393e-09 3.78021e-09 -3.32012e-09 2.93135e-09 1.52865e-09 1.42432e-09 4.95947e-10 2.64256e-10 2.67174e-09 2.93464e-09 4.43451e-09 4.83848e-09 5.66838e-12 -2.22811e-13 0.199941 5.91851e-11 -1.07462e-09 2.75856e-12 1
0.004 2.01904e-08 -1.27282e-08 1.25849e-08 -1.10518e-08 9.76068e-09 5.11408e-09 4.76971e-09 1.71324e-09 9.45751e-10 8.86531e-09 9.73433e-09 1.46914e-08 1.60285e-08 1.90115e-11 -7.40268e-13 0.199902 1.96422e-10 -3.57602e-09 9.18082e-12 1
0.005 5.03533e-08 -3.17634e-08 3.1411e-08 -2.75826e-08 2.43685e-08 1.28368e-08 1.19852e-08 4.44739e-09 2.54207e-09 2.20472e-08 2.41995e-08 3.64767e-08 3.97928e-08 4.78109e-11 -1.84297e-12 0.199853 4.88612e-10 -8.92194e-09 2.29047e-11 1
0.006 1.0545e-07 -6.65595e-08 6.58321e-08 -5.78078e-08 5.10904e-08 2.70745e-08 2.53071e-08 9.70786e-09 5.73725e-09 4.60276e-08 5.05018e-08 7.60257e-08 8.29293e-08 1.00968e-10 -3.85047e-12 0.199794 1.02042e-09 -1.86923e-08 4.79774e-11 1
0.007 1.96236e-07 -1.23934e-07 1.22599e-07 -1.0766e-07 9.51873e-08 5.07726e-08 4.75147e-08 1.88463e-08 1.14956e-08 8.53635e-08 9.36247e-08 1.40762e-07 1.53529e-07 1.8947e-10 -7.14389e-12 0.199725 1.89331e-09 -3.48003e-08 8.92869e-11 1
0.008 3.35269e-07 -2.11854e-07 2.09606e-07 -1.84084e-07 1.62824e-07 8.74612e-08 8.19508e-08 3.36076e-08 2.11175e-08 1.45309e-07 1.59307e-07 2.39206e-07 2.60875e-07 3.26404e-10 -1.21603e-11 0.199647 3.22453e-09 -5.94832e-08 1.52528e-10 1
0.009 5.36847e-07 -3.39397e-07 3.35847e-07 -2.95001e-07 2.61046e-07 1.41275e-07 1.32543e-07 5.61837e-08 3.62986e-08 2.31759e-07 2.53979e-07 3.80874e-07 4.15331e-07 5.26963e-10 -1.93866e-11 0.199559 5.14606e-09 -9.52912e-08 2.44163e-10 1
0.01 8.16936e-07 -5.16699e-07 5.11371e-07 -4.49276e-07 3.97746e-07 2.1697e-07 2.03828e-07 8.92675e-08 5.91892e-08 3.51193e-07 3.847e-07 5.76174e-07 6.28231e-07 8.08433e-10 -2.93518e-11 0.19946 7.80345e-09 -1.45076e-07 3.71374e-10 1
0.011 1.19309e-06 -7.54909e-07 7.47229e-07 -6.56678e-07 5.81637e-07 3.19945e-07 3.00971e-07 1.36109e-07 9.2456e-08 5.10609e-07 5.59082e-07 8.36296e-07 9.11751e-07 1.19017e-09 -4.262e-11 0.199353 1.13546e-08 -2.11978e-07 5.4202e-10 1
0.012 1.68437e-06 -1.06612e-06 1.05542e-06 -9.27834e-07 8.22217e-07 4.5626e-07 4.2979e-07 2.00569e-07 1.39343e-07 7.17457e-07 7.85218e-07 1.1731e-06 1.27879e-06 1.69356e-09 -5.97819e-11 0.199235 1.59684e-08 -2.99412e-07 7.64575e-10 1
0.013 2.31127e-06 -1.46334e-06 1.44883e-06 -1.27419e-06 1.12973e-06 6.32654e-07 5.96779e-07 2.87176e-07 2.0373e-07 9.79572e-07 1.0716e-06 1.59898e-06 1.74283e-06 2.34197e-09 -8.14461e-11 0.199107 2.18237e-08 -4.11054e-07 1.04808e-09 1
0.014 3.0956e-06 -1.96037e-06 1.94116e-06 -1.70795e-06 1.51513e-06 8.56564e-07 8.09126e-07 4.01173e-07 2.90193e-07 1.3051e-06 1.42706e-06 2.12679e-06 2.31782e-06 3.16067e-09 -1.0823e-10 0.19897 2.91074e-08 -5.50825e-07 1.40206e-09 1
0.015 4.06042e-06 -2.5718e-06 2.54688e-06 -2.24204e-06 1.99002e-06 1.13614e-06 1.07473e-06 5.4857e-07 4.04059e-07 1.70243e-06 1.86065e-06 2.76967e-06 3.01806e-06 4.17679e-09 -1.40753e-10 0.198823 3.80138e-08 -7.22874e-07 1.83651e-09 1
0.016 5.22993e-06 -3.31289e-06 3.28114e-06 -2.89006e-06 2.56666e-06 1.48026e-06 1.40224e-06 7.3619e-07 5.51454e-07 2.18013e-06 2.3816e-06 3.54097e-06 3.85802e-06 5.41916e-09 -1.79624e-10 0.198666 4.87426e-08 -9.31565e-07 2.36178e-09 1
0.017 6.62939e-06 -4.19954e-06 4.15969e-06 -3.66618e-06 3.25783e-06 1.89854e-06 1.80104e-06 9.71708e-07 7.39356e-07 2.74683e-06 2.99923e-06 4.45413e-06 4.85227e-06 6.91827e-09 -2.25436e-10 0.198499 6.14981e-08 -1.18146e-06 2.98852e-09 1
0.018 8.28501e-06 -5.24818e-06 5.19885e-06 -4.58515e-06 4.0769e-06 2.40135e-06 2.28127e-06 1.26369e-06 9.75637e-07 3.41122e-06 3.72285e-06 5.52255e-06 6.01533e-06 8.70607e-09 -2.78756e-10 0.198323 7.64873e-08 -1.4773e-06 3.72763e-09 1
0.019 1.02238e-05 -6.47571e-06 6.41536e-06 -5.66221e-06 5.03767e-06 2.99983e-06 2.85385e-06 1.62163e-06 1.2691e-06 4.18193e-06 4.56171e-06 6.75948e-06 7.36156e-06 1.08159e-08 -3.40116e-10 0.198136 9.39191e-08 -1.82398e-06 4.59018e-09 1
0.02 1.24737e-05 -7.89943e-06 7.82639e-06 -6.91302e-06 6.15438e-06 3.70587e-06 3.5305e-06 2.05596e-06 1.6295e-06 5.06747e-06 5.52491e-06 8.17795e-06 8.90505e-06 1.32824e-08 -4.10011e-10 0.19794 1.14003e-07 -2.22656e-06 5.58735e-09 1
0.021 1.50632e-05 -9.53697e-06 9.44941e-06 -8.35362e-06 7.44167e-06 4.53214e-06 4.32369e-06 2.57809e-06 2.06759e-06 6.07617e-06 6.62131e-06 9.79063e-06 1.06595e-05 1.61411e-08 -4.88883e-10 0.197734 1.36947e-07 -2.69022e-06 6.73036e-09 1
0.022 1.80212e-05 -1.14062e-05 1.13021e-05 -1.00004e-05 8.91448e-06 5.49206e-06 5.24672e-06 3.2004e-06 2.59513e-06 7.21611e-06 7.85952e-06 1.16098e-05 1.26381e-05 1.94285e-08 -5.77124e-10 0.197519 1.62957e-07 -3.22025e-06 8.0304e-09 1
0.023 2.13775e-05 -1.35251e-05 1.34024e-05 -1.18699e-05 1.0588e-05 6.59984e-06 6.31363e-06 3.93629e-06 3.22489e-06 8.49507e-06 9.24776e-06 1.36471e-05 1.48534e-05 2.31818e-08 -6.75064e-10 0.197293 1.92238e-07 -3.82204e-06 9.49858e-09 1
0.024 2.51619e-05 -1.59119e-05 1.57682e-05 -1.39789e-05 1.24778e-05 7.87042e-06 7.53928e-06 4.80012e-06 3.97067e-06 9.92047e-06 1.07939e-05 1.59137e-05 1.73176e-05 2.74388e-08 -7.82968e-10 0.197058 2.24989e-07 -4.50106e-06 1.11458e-08 1
0.025 2.94047e-05 -1.85847e-05 1.84175e-05 -1.63445e-05 1.45994e-05 9.31952e-06 8.93929e-06 5.80725e-06 4.84731e-06 1.14993e-05 1.25052e-05 1.84201e-05 2.00417e-05 3.22375e-08 -9.01036e-10 0.196813 2.61403e-07 -5.26286e-06 1.2983e-08 1
0.026 3.41363e-05 -2.15616e-05 2.13682e-05 -1.89837e-05 1.69686e-05 1.09636e-05 1.053e-05 6.97402e-06 5.87062e-06 1.32381e-05 1.43885e-05 2.11759e-05 2.30362e-05 3.76161e-08 -1.02939e-09 0.196558 3.0167e-07 -6.11301e-06 1.50204e-08 1
0.027 3.93876e-05 -2.48607e-05 2.46382e-05 -2.19134e-05 1.96012e-05 1.28197e-05 1.23286e-05 8.31772e-06 7.05746e-06 1.51429e-05 1.64501e-05 2.41902e-05 2.63107e-05 4.36124e-08 -1.1681e-09 0.196293 3.45971e-07 -7.05715e-06 1.72684e-08 1
0.028 4.5189e-05 -2.84997e-05 2.82451e-05 -2.51508e-05 2.25131e-05 1.49058e-05 1.43528e-05 9.85659e-06 8.42563e-06 1.72191e-05 1.86957e-05 2.7471e-05 2.98737e-05 5.02644e-08 -1.31713e-09 0.196018 3.94481e-07 -8.10091e-06 1.97366e-08 1
0.029 5.15715e-05 -3.24964e-05 3.22062e-05 -2.87127e-05 2.572e-05 1.72404e-05 1.66213e-05 1.16097e-05 9.9939e-06 1.94717e-05 2.11303e-05 3.10255e-05 3.3733e-05 5.76092e-08 -1.47639e-09 0.195734 4.47367e-07 -9.24996e-06 2.24347e-08 1
0.03 5.85656e-05 -3.68681e-05 3.65388e-05 -3.26161e-05 2.92379e-05 1.98426e-05 1.91532e-05 1.35972e-05 1.1782e-05 2.19049e-05 2.37581e-05 3.48601e-05 3.78952e-05 6.56833e-08 -1.64571e-09 0.19544 5.04785e-07 -1.05099e-05 2.53714e-08 1
0.031 6.6202e-05 -4.16317e-05 4.12595e-05 -3.68776e-05 3.30823e-05 2.27323e-05 2.19685e-05 1.58397e-05 1.38104e-05 2.45224e-05 2.65829e-05 3.898e-05 4.23659e-05 7.45221e-08 -1.82485e-09 0.195136 5.66884e-07 -1.18865e-05 2.85554e-08 1
0.032 7.45109e-05 -4.68038e-05 4.63847e-05 -4.15135e-05 3.72689e-05 2.59298e-05 2.50875e-05 1.8359e-05 1.61005e-05 2.73271e-05 2.96074e-05 4.33898e-05 4.71497e-05 8.41599e-08 -2.01351e-09 0.194822 6.33805e-07 -1.33852e-05 3.19947e-08 1
0.033 8.35224e-05 -5.24008e-05 5.19303e-05 -4.65402e-05 4.18128e-05 2.9456e-05 2.85313e-05 2.11773e-05 1.86745e-05 3.03214e-05 3.28341e-05 4.80928e-05 5.22502e-05 9.46296e-08 -2.2113e-09 0.194499 7.05677e-07 -1.50117e-05 3.56966e-08 1
0.034 9.32665e-05 -5.84381e-05 5.79118e-05 -5.19734e-05 4.67293e-05 3.33324e-05 3.23215e-05 2.43177e-05 2.15554e-05 3.35069e-05 3.62641e-05 5.30917e-05 5.76698e-05 1.05962e-07 -2.41779e-09 0.194166 7.82619e-07 -1.67714e-05 3.96681e-08 1
0.035 0.000103773 -6.49311e-05 6.43441e-05 -5.78287e-05 5.20331e-05 3.7581e-05 3.64801e-05 2.78038e-05 2.47666e-05 3.68844e-05 3.98983e-05 5.83878e-05 6.341e-05 1.18188e-07 -2.63247e-09 0.193823 8.6474e-07 -1.86699e-05 4.39155e-08 1
0.036 0.00011507 -7.18944e-05 7.12415e-05 -6.41212e-05 5.77389e-05 4.22241e-05 4.10298e-05 3.16599e-05 2.83324e-05 4.04542e-05 4.37366e-05 6.39819e-05 6.94711e-05 1.31334e-07 -2.8548e-09 0.19347 9.5214e-07 -2.07125e-05 4.84446e-08 1
0.037 0.000127187 -7.93422e-05 7.86179e-05 -7.08657e-05 6.38608e-05 4.72844e-05 4.59935e-05 3.59106e-05 3.22775e-05 4.42159e-05 4.77781e-05 6.98734e-05 7.58526e-05 1.45425e-07 -3.08416e-09 0.193107 1.04491e-06 -2.29046e-05 5.32607e-08 1
0.038 0.000140152 -8.72878e-05 8.64864e-05 -7.80765e-05 7.04129e-05 5.2785e-05 5.13945e-05 4.0581e-05 3.66272e-05 4.81683e-05 5.20215e-05 7.60612e-05 8.25528e-05 1.60484e-07 -3.31992e-09 0.192735 1.14312e-06 -2.52513e-05 5.83681e-08 1
0.039 0.000153992 -9.57442e-05 9.48597e-05 -8.57675e-05 7.74085e-05 5.87494e-05 5.72564e-05 4.56967e-05 4.1407e-05 5.23096e-05 5.64643e-05 8.2543e-05 8.95691e-05 1.76531e-07 -3.56138e-09 0.192352 1.24685e-06 -2.77579e-05 6.3771e-08 1
0.04 0.000168736 -0.000104724 0.00010375 -9.39522e-05 8.48608e-05 6.52013e-05 6.36032e-05 5.12835e-05 4.66431e-05 5.66373e-05 6.11037e-05 8.93158e-05 9.68979e-05 1.93585e-07 -3.80784e-09 0.19196 1.35616e-06 -3.04294e-05 6.94727e-08 1
0.041 0.00018441 -0.000114238 0.000113167 -0.000102643 9.27825e-05 7.21645e-05 7.0459e-05 5.73674e-05 5.23616e-05 6.11483e-05 6.5936e-05 9.63758e-05 0.000104535 2.11659e-07 -4.05854e-09 0.191559 1.47108e-06 -3.32708e-05 7.5476e-08 1
0.042 0.000201039 -0.000124298 0.000123124 -0.000111853 0.000101186 7.96631e-05 7.78481e-05 6.39747e-05 5.8589e-05 6.58388e-05 7.0957e-05 0.000103718 0.000112475 2.30765e-07 -4.31273e-09 0.191147 1.59167e-06 -3.62869e-05 8.17832e-08 1
0.043 0.00021865 -0.000134913 0.000133629 -0.000121594 0.000110083 8.77212e-05 8.5795e-05 7.11318e-05 6.5352e-05 7.07045e-05 7.61617e-05 0.000111338 0.000120711 2.50911e-07 -4.56964e-09 0.190726 1.71794e-06 -3.94824e-05 8.8396e-08 1
0.044 0.000237268 -0.000146095 0.000144692 -0.000131877 0.000119484 9.63632e-05 9.43243e-05 7.88649e-05 7.26774e-05 7.57404e-05 8.15446e-05 0.000119228 0.000129238 2.72102e-07 -4.82848e-09 0.190295 1.84993e-06 -4.28621e-05 9.53154e-08 1
0.045 0.000256916 -0.000157851 0.000156322 -0.000142712 0.000129402 0.000105613 0.00010346 8.72006e-05 8.05918e-05 8.09411e-05 8.70997e-05 0.000127382 0.000138046 2.94341e-07 -5.08846e-09 0.189854 1.98764e-06 -4.64304e-05 1.02542e-07 1
0.046 0.000277618 -0.00017019 0.000168526 -0.000154111 0.000139845 0.000115496 0.000113228 9.6165e-05 8.9122e-05 8.63006e-05 9.28203e-05 0.000135793 0.000147129 3.17624e-07 -5.34882e-09 0.189403 2.13107e-06 -5.01917e-05 1.10076e-07 1
0.047 0.000299399 -0.00018312 0.000181313 -0.000166083 0.000150825 0.000126035 0.000123652 0.000105784 9.82945e-05 9.18124e-05 9.86993e-05 0.000144453 0.000156476 3.41947e-07 -5.60877e-09 0.188943 2.28022e-06 -5.41502e-05 1.17918e-07 1
0.048 0.000322279 -0.000196648 0.000194689 -0.000178636 0.00016235 0.000137255 0.000134756 0.000116085 0.000108136 9.74695e-05 0.000104729 0.000153352 0.000166079 3.673e-07 -5.86757e-09 0.188472 2.43507e-06 -5.83103e-05 1.26065e-07 1
0.049 0.000346281 -0.000210781 0.000208659 -0.00019178 0.000174429 0.000149179 0.000146565 0.000127092 0.000118672 0.000103265 0.000110902 0.000162482 0.000175928 3.93671e-07 -6.12448e-09 0.187992 2.59561e-06 -6.26758e-05 1.34517e-07 1
0.05 0.000371426 -0.000225524 0.000223231 -0.000205522 0.000187072 0.000161832 0.000159102 0.000138831 0.00012993 0.00010919 0.000117208 0.000171834 0.000186012 4.21041e-07 -6.37879e-09 0.187503 2.76181e-06 -6.72506e-05 1.43273e-07 1
0.051 0.000397735 -0.000240883 0.000238408 -0.000219871 0.000200285 0.000175238 0.000172393 0.000151327 0.000141933 0.000115237 0.000123641 0.000181397 0.000196319 4.49391e-07 -6.62981e-09 0.187003 2.93362e-06 -7.20387e-05 1.5233e-07 1
0.052 0.000425227 -0.000256863 0.000254196 -0.000234833 0.000214077 0.000189418 0.000186459 0.000164605 0.000154709 0.000121398 0.00013019 0.00019116 0.00020684 4.78695e-07 -6.8769e-09 0.186494 3.11102e-06 -7.70435e-05 1.61686e-07 1
0.053 0.000453921 -0.000273467 0.000270599 -0.000250414 0.000228454 0.000204398 0.000201325 0.000178689 0.000168281 0.000127664 0.000136846 0.000201115 0.000217562 5.08926e-07 -7.11943e-09 0.185975 3.29395e-06 -8.22686e-05 1.71339e-07 1
0.054 0.000483836 -0.0002907 0.000287619 -0.000266621 0.000243423 0.000220198 0.000217014 0.000193604 0.000182675 0.000134026 0.000143599 0.000211249 0.000228473 5.4005e-07 -7.35682e-09 0.185446 3.48235e-06 -8.77174e-05 1.81285e-07 1
0.055 0.00051499 -0.000308566 0.00030526 -0.000283458 0.000258991 0.000236842 0.000233549 0.000209371 0.000197913 0.000140475 0.00015044 0.000221551 0.000239562 5.72031e-07 -7.58853e-09 0.184907 3.67618e-06 -9.33931e-05 1.9152e-07 1
0.056 0.000547401 -0.000327066 0.000323524 -0.000300932 0.000275162 0.000254352 0.000250951 0.000226015 0.00021402 0.000147002 0.000157359 0.000232011 0.000250816 6.04829e-07 -7.81407e-09 0.184359 3.87536e-06 -9.9299e-05 2.02043e-07 1
0.057 0.000581084 -0.000346203 0.000342414 -0.000319047 0.000291943 0.000272749 0.000269242 0.000243557 0.000231018 0.000153596 0.000164345 0.000242617 0.000262222 6.38399e-07 -8.03297e-09 0.183801 4.07983e-06 -0.000105438 2.12849e-07 1
0.058 0.000616055 -0.00036598 0.000361932 -0.000337806 0.000309337 0.000292054 0.000288444 0.00026202 0.000248929 0.000160248 0.000171389 0.000253356 0.000273769 6.72692e-07 -8.24481e-09 0.183233 4.28952e-06 -0.000111813 2.23933e-07 1
0.059 0.000652331 -0.000386397 0.000382078 -0.000357213 0.00032735 0.000312288 0.000308578 0.000281424 0.000267776 0.00016695 0.000178479 0.000264219 0.000285443 7.07658e-07 -8.44923e-09 0.182655 4.50435e-06 -0.000118426 2.35293e-07 1
0.06 0.000689925 -0.000407456 0.000402854 -0.000377272 0.000345986 0.000333472 0.000329665 0.000301789 0.000287579 0.00017369 0.000185607 0.000275192 0.000297232 7.43239e-07 -8.6459e-09 0.182068 4.72425e-06 -0.000125281 2.46925e-07 1
0.061 0.000728851 -0.000429158 0.00042426 -0.000397986 0.000365247 0.000355625 0.000351723 0.000323136 0.000308359 0.000180459 0.00019276 0.000286265 0.000309124 7.79376e-07 -8.83453e-09 0.18147 4.94912e-06 -0.00013238 2.58823e-07 1
0.062 0.000769123 -0.000451504 0.000446297 -0.000419357 0.000385138 0.000378766 0.000374774 0.000345484 0.000330135 0.000187247 0.00019993 0.000297426 0.000321105 8.16005e-07 -9.01489e-09 0.180863 5.17888e-06 -0.000139725 2.70984e-07 1
0.063 0.000810754 -0.000474493 0.000468965 -0.000441387 0.000405662 0.000402915 0.000398836 0.000368852 0.000352927 0.000194045 0.000207105 0.000308663 0.000333164 8.5306e-07 -9.18677e-09 0.180247 5.41344e-06 -0.000147318 2.83403e-07 1
0.064 0.000853756 -0.000498126 0.000492263 -0.000464078 0.000426821 0.000428089 0.000423927 0.000393257 0.000376753 0.000200842 0.000214276 0.000319964 0.000345289 8.90468e-07 -9.35003e-09 0.17962 5.65272e-06 -0.000155162 2.96076e-07 1
0.065 0.000898141 -0.000522402 0.000516192 -0.000487431 0.000448617 0.000454307 0.000450065 0.000418717 0.000401631 0.00020763 0.000221432 0.00033132 0.000357466 9.28156e-07 -9.50455e-09 0.178984 5.89661e-06 -0.000163259 3.09e-07 1
0.066 0.000943919 -0.000547321 0.000540751 -0.000511448 0.000471053 0.000481585 0.000477268 0.000445248 0.000427579 0.000214398 0.000228564 0.000342717 0.000369685 9.66045e-07 -9.65026e-09 0.178338 6.14503e-06 -0.00017161 3.22168e-07 1
0.067 0.0009911 -0.000572883 0.000565939 -0.000536131 0.000494131 0.00050994 0.000505553 0.000472867 0.000454612 0.000221138 0.000235662 0.000354146 0.000381933 1.00405e-06 -9.78711e-09 0.177682 6.39788e-06 -0.000180217 3.35578e-07 1
0.068 0.0010397 -0.000599086 0.000591756 -0.000561478 0.000517851 0.000539389 0.000534935 0.000501589 0.000482748 0.00022784 0.000242715 0.000365594 0.000394199 1.0421e-06 -9.91511e-09 0.177016 6.65506e-06 -0.000189082 3.49225e-07 1
0.069 0.00108971 -0.000625929 0.000618199 -0.000587492 0.000542216 0.000569947 0.000565431 0.000531429 0.000512001 0.000234495 0.000249716 0.000377053 0.000406471 1.08009e-06 -1.00343e-08 0.176341 6.91647e-06 -0.000198207 3.63104e-07 1
0.07 0.00114117 -0.000653412 0.000645269 -0.000614171 0.000567226 0.000601629 0.000597056 0.000562401 0.000542385 0.000241094 0.000256654 0.000388511 0.000418738 1.11794e-06 -1.01447e-08 0.175656 7.182e-06 -0.000207593 3.77212e-07 1
0.071 0.00119406 -0.000681533 0.000672963 -0.000641517 0.000592882 0.000634449 0.000629825 0.000594519 0.000573916 0.000247628 0.00026352 0.000399958 0.00043099 1.15555e-06 -1.02465e-08 0.174961 7.45157e-06 -0.000217241 3.91545e-07 1
0.072 0.00124839 -0.000710291 0.00070128 -0.000669529 0.000619186 0.000668423 0.000663751 0.000627795 0.000606606 0.00025409 0.000270306 0.000411384 0.000443215 1.19282e-06 -1.03398e-08 0.174256 7.72507e-06 -0.000227153 4.06098e-07 1
0.073 0.00130419 -0.000739684 0.00073022 -0.000698207 0.000646137 0.000703563 0.000698849 0.000662243 0.000640469 0.00026047 0.000277004 0.00042278 0.000455405 1.22965e-06 -1.04246e-08 0.173542 8.00239e-06 -0.00023733 4.20868e-07 1
0.074 0.00136144 -0.000769711 0.00075978 -0.00072755 0.000673736 0.000739882 0.000735131 0.000697874 0.000675516 0.000266761 0.000283604 0.000434136 0.000467548 1.26594e-06 -1.05013e-08 0.172818 8.28343e-06 -0.000247773 4.35851e-07 1
0.075 0.00142016 -0.00080037 0.00078996 -0.000757557 0.000701983 0.000777393 0.000772611 0.0007347 0.000711759 0.000272955 0.000290099 0.000445442 0.000479635 1.30159e-06 -1.057e-08 0.172084 8.5681e-06 -0.000258482 4.51044e-07 1
0.076 0.00148036 -0.000831659 0.000820756 -0.000788229 0.000730878 0.000816108 0.0008113 0.000772731 0.000749211 0.000279044 0.000296481 0.000456691 0.000491657 1.33648e-06 -1.06309e-08 0.17134 8.85629e-06 -0.000269459 4.66442e-07 1
0.077 0.00154204 -0.000863578 0.000852169 -0.000819565 0.000760421 0.000856038 0.00085121 0.000811978 0.000787881 0.000285022 0.000302744 0.000467873 0.000503605 1.3705e-06 -1.06843e-08 0.170587 9.1479e-06 -0.000280704 4.82044e-07 1
0.078 0.00160519 -0.000896124 0.000884196 -0.000851562 0.000790612 0.000897196 0.000892352 0.000852451 0.000827779 0.000290882 0.000308879 0.000478981 0.00051547 1.40354e-06 -1.07304e-08 0.169823 9.44283e-06 -0.000292219 4.97845e-07 1
0.079 0.00166984 -0.000929295 0.000916836 -0.000884222 0.000821452 0.000939591 0.000934737 0.000894159 0.000868916 0.000296616 0.00031488 0.000490006 0.000527244 1.43547e-06 -1.07694e-08 0.16905 9.74098e-06 -0.000304004 5.13842e-07 1
0.08 0.00173598 -0.000963091 0.000950087 -0.000917541 0.000852938 0.000983234 0.000978376 0.000937112 0.000911301 0.000302218 0.000320741 0.00050094 0.000538919 1.46619e-06 -1.08018e-08 0.168268 1.00423e-05 -0.000316058 5.30033e-07 1
0.081 0.00180361 -0.000997508 0.000983948 -0.00095152 0.000885072 0.00102813 0.00102328 0.000981317 0.000954942 0.000307683 0.000326455 0.000511778 0.000550488 1.49556e-06 -1.08277e-08 0.167475 1.03465e-05 -0.000328384 5.46415e-07 1
0.082 0.00187275 -0.00103255 0.00101842 -0.000986158 0.000917853 0.0010743 0.00106945 0.00102678 0.000999849 0.000313005 0.000332017 0.000522511 0.000561942 1.52347e-06 -1.08476e-08 0.166673 1.06538e-05 -0.00034098 5.62986e-07 1
0.083 0.00194338 -0.0010682 0.00105349 -0.00102145 0.00095128 0.00112174 0.00111691 0.00107352 0.00104603 0.000318178 0.00033742 0.000533132 0.000573277 1.54979e-06 -1.08616e-08 0.165861 1.09638e-05 -0.000353848 5.79742e-07 1
0.084 0.00201552 -0.00110448 0.00108917 -0.0010574 0.000985353 0.00117047 0.00116565 0.00112153 0.00109349 0.000323196 0.000342661 0.000543637 0.000584484 1.57438e-06 -1.08702e-08 0.165039 1.12766e-05 -0.000366988 5.96682e-07 1
0.085 0.00208916 -0.00114137 0.00112546 -0.00109401 0.00102007 0.00122049 0.0012157 0.00117083 0.00114224 0.000328056 0.000347733 0.000554018 0.000595557 1.59711e-06 -1.08736e-08 0.164208 1.1592e-05 -0.0003804 6.13803e-07 1
0.086 0.00216431 -0.00117888 0.00116235 -0.00113127 0.00105543 0.00127182 0.00126705 0.00122142 0.00119229 0.000332753 0.000352632 0.000564271 0.000606492 1.61786e-06 -1.08722e-08 0.163366 1.19099e-05 -0.000394083 6.31104e-07 1
0.087 0.00224097 -0.00121699 0.00119984 -0.00116918 0.00109144 0.00132445 0.00131972 0.0012733 0.00124363 0.000337281 0.000357355 0.000574389 0.000617283 1.63649e-06 -1.08664e-08 0.162515 1.22303e-05 -0.000408038 6.48582e-07 1
0.088 0.00231913 -0.00125572 0.00123793 -0.00120775 0.00112809 0.0013784 0.00137371 0.00132649 0.00129629 0.000341638 0.000361896 0.000584368 0.000627924 1.65285e-06 -1.08564e-08 0.161654 1.25531e-05 -0.000422266 6.66237e-07 1
0.089 0.00239881 -0.00129506 0.00127662 -0.00124696 0.00116539 0.00143367 0.00142903 0.00138099 0.00135026 0.00034582 0.000366253 0.000594204 0.00063841 1.66682e-06 -1.08427e-08 0.160784 1.28782e-05 -0.000436765 6.84066e-07 1
0.09 0.00248 -0.00133501 0.0013159 -0.00128683 0.00120332 0.00149027 0.00148568 0.0014368 0.00140555 0.000349823 0.000370423 0.000603891 0.000648738 1.67824e-06 -1.08256e-08 0.159904 1.32054e-05 -0.000451535 7.02068e-07 1
0.091 0.0025627 -0.00137557 0.00135579 -0.00132734 0.0012419 0.00154821 0.00154368 0.00149394 0.00146217 0.000353645 0.000374401 0.000613426 0.000658904 1.68698e-06 -1.08054e-08 0.159013 1.35348e-05 -0.000466578 7.20241e-07 1
0.092 0.0026469 -0.00141673 0.00139627 -0.0013685 0.00128112 0.0016075 0.00160303 0.0015524 0.00152013 0.000357282 0.000378186 0.000622805 0.000668903 1.69288e-06 -1.07825e-08 0.158114 1.38662e-05 -0.000481891 7.38586e-07 1
0.093 0.00273262 -0.0014585 0.00143735 -0.00141031 0.00132098 0.00166813 0.00166373 0.0016122 0.00157942 0.000360733 0.000381775 0.000632026 0.000678732 1.69581e-06 -1.07572e-08 0.157204 1.41995e-05 -0.000497476 7.571e-07 1
0.094 0.00281985 -0.00150088 0.00147902 -0.00145276 0.00136149 0.00173012 0.0017258 0.00167334 0.00164006 0.000363994 0.000385166 0.000641083 0.000688389 1.69562e-06 -1.07299e-08 0.156285 1.45347e-05 -0.000513331 7.75783e-07 1
0.095 0.00290858 -0.00154385 0.00152128 -0.00149586 0.00140263 0.00179348 0.00178923 0.00173582 0.00170204 0.000367064 0.000388357 0.000649977 0.00069787 1.69214e-06 -1.0701e-08 0.155356 1.48716e-05 -0.000529456 7.94635e-07 1
0.096 0.00299882 -0.00158744 0.00156414 -0.0015396 0.00144441 0.0018582 0.00185403 0.00179965 0.00176538 0.000369942 0.000391347 0.000658702 0.000707174 1.68524e-06 -1.06707e-08 0.154417 1.52103e-05 -0.000545851 8.13654e-07 1
0.097 0.00309057 -0.00163162 0.0016076 -0.00158399 0.00148684 0.00192429 0.00192022 0.00186483 0.00183008 0.000372627 0.000394134 0.000667259 0.000716298 1.67475e-06 -1.06395e-08 0.153468 1.55507e-05 -0.000562516 8.3284e-07 1
0.098 0.00318382 -0.0016764 0.00165164 -0.00162902 0.0015299 0.00199177 0.00198779 0.00193137 0.00189614 0.000375116 0.000396718 0.000675644 0.00072524 1.66052e-06 -1.06076e-08 0.15251 1.58926e-05 -0.000579449 8.52193e-07 1
0.099 0.00327857 -0.00172179 0.00169628 -0.0016747 0.0015736 0.00206062 0.00205674 0.00199928 0.00196358 0.000377411 0.000399099 0.000683856 0.000734 1.64239e-06 -1.05754e-08 0.151542 1.6236e-05 -0.000596651 8.71713e-07 1
0.1 0.00337482 -0.00176777 0.00174151 -0.00172101 0.00161795 0.00213087 0.0021271 0.00206855 0.00203239 0.000379509 0.000401275 0.000691895 0.000742576 1.62021e-06 -1.05433e-08 0.150564 1.65808e-05 -0.00061412 8.91399e-07 1
0.101 0.00347257 -0.00181436 0.00178733 -0.00176797 0.00166293 0.00220252 0.00219885 0.0021392 0.00210257 0.000381411 0.000403247 0.000699758 0.000750967 1.59382e-06 -1.05116e-08 0.149576 1.69271e-05 -0.000631857 9.11252e-07 1
0.102 0.00357182 -0.00186154 0.00183374 -0.00181557 0.00170855 0.00227556 0.00227201 0.00221123 0.00217415 0.000383117 0.000405014 0.000707447 0.000759173 1.56304e-06 -1.04806e-08 0.148579 1.72746e-05 -0.000649861 9.31272e-07 1
0.103 0.00367256 -0.00190933 0.00188074 -0.00186381 0.00175481 0.00235001 0.00234658 0.00228465 0.00224711 0.000384628 0.000406579 0.00071496 0.000767194 1.52773e-06 -1.04507e-08 0.147571 1.76234e-05 -0.00066813 9.51458e-07 1
0.104 0.00377478 -0.00195771 0.00192834 -0.0019127 0.00180171 0.00242587 0.00242257 0.00235945 0.00232147 0.000385944 0.00040794 0.000722297 0.00077503 1.48771e-06 -1.04221e-08 0.146554 1.79734e-05 -0.000686664 9.71812e-07 1
0.105 0.0038785 -0.00200669 0.00197653 -0.00196223 0.00184925 0.00250315 0.00249998 0.00243565 0.00239723 0.000387066 0.000409101 0.000729459 0.000782682 1.44281e-06 -1.03952e-08 0.145528 1.83245e-05 -0.000705464 9.92334e-07 1
0.106 0.0039837 -0.00205627 0.00202531 -0.00201239 0.00189744 0.00258185 0.00257881 0.00251325 0.00247439 0.000387995 0.000410061 0.000736446 0.00079015 1.39288e-06 -1.03703e-08 0.144491 1.86767e-05 -0.000724527 1.01302e-06 1
0.107 0.00409038 -0.00210645 0.00207468 -0.00206321 0.00194626 0.00266198 0.00265908 0.00259226 0.00255297 0.000388733 0.000410822 0.00074326 0.000797436 1.33773e-06 -1.03478e-08 0.143445 1.903e-05 -0.000743853 1.03388e-06 1
0.108 0.00419854 -0.00215723 0.00212465 -0.00211466 0.00199572 0.00274354 0.00274078 0.00267268 0.00263296 0.000389281 0.000411387 0.000749901 0.00080454 1.27721e-06 -1.03279e-08 0.142389 1.93842e-05 -0.000763442 1.05491e-06 1
0.109 0.00430817 -0.00220861 0.00217521 -0.00216676 0.00204583 0.00282654 0.00282393 0.00275452 0.00271438 0.000389642 0.000411757 0.000756371 0.000811465 1.21113e-06 -1.0311e-08 0.141323 1.97394e-05 -0.000783293 1.07611e-06 1
0.11 0.00441928 -0.00226059 0.00222636 -0.0022195 0.00209658 0.00291098 0.00290853 0.00283778 0.00279722 0.000389817 0.000411935 0.000762671 0.000818213 1.13933e-06 -1.02973e-08 0.140248 2.00955e-05 -0.000803404 1.09748e-06 1
0.111 0.00453185 -0.00231317 0.00227811 -0.00227288 0.00214798 0.00299688 0.00299457 0.00292247 0.0028815 0.00038981 0.000411924 0.000768805 0.000824786 1.06162e-06 -1.02873e-08 0.139163 2.04525e-05 -0.000823776 1.11903e-06 1
0.112 0.00464589 -0.00236635 0.00233045 -0.00232692 0.00220001 0.00308422 0.00308208 0.0030086 0.00296722 0.000389623 0.000411727 0.000774774 0.000831187 9.77844e-07 -1.02811e-08 0.138068 2.08103e-05 -0.000844407 1.14074e-06 1
0.113 0.00476139 -0.00242013 0.00238339 -0.00238159 0.0022527 0.00317303 0.00317106 0.00309617 0.00305438 0.000389259 0.000411347 0.000780581 0.000837418 8.87809e-07 -1.02791e-08 0.136963 2.11689e-05 -0.000865297 1.16263e-06 1
0.114 0.00487835 -0.00247451 0.00243692 -0.00243692 0.00230603 0.00326331 0.0032615 0.00318519 0.003143 0.000388723 0.000410788 0.00078623 0.000843483 7.91342e-07 -1.02816e-08 0.135848 2.15282e-05 -0.000886444 1.1847e-06 1
0.115 0.00499676 -0.0025295 0.00249106 -0.00249289 0.00236001 0.00335506 0.00335343 0.00327567 0.00323309 0.000388016 0.000410054 0.000791723 0.000849386 6.88261e-07 -1.02888e-08 0.134724 2.18883e-05 -0.000907849 1.20695e-06 1
0.116 0.00511662 -0.00258509 0.00254579 -0.00254952 0.00241464 0.00344829 0.00344684 0.00336762 0.00332463 0.000387145 0.000409148 0.000797064 0.00085513 5.78387e-07 -1.03012e-08 0.13359 2.2249e-05 -0.000929509 1.22937e-06 1
0.117 0.00523793 -0.00264128 0.00260113 -0.00260679 0.00246992 0.00354301 0.00354174 0.00346103 0.00341766 0.000386112 0.000408076 0.000802258 0.000860721 4.61536e-07 -1.03189e-08 0.132446 2.26104e-05 -0.000951426 1.25198e-06 1
0.118 0.00536068 -0.00269808 0.00265706 -0.00266472 0.00252585 0.00363922 0.00363813 0.00355592 0.00351216 0.000384923 0.000406842 0.000807308 0.000866162 3.37525e-07 -1.03423e-08 0.131293 2.29725e-05 -0.000973596 1.27477e-06 1
0.119 0.00548487 -0.00275549 0.0027136 -0.0027233 0.00258244 0.00373694 0.00373603 0.00365231 0.00360816 0.000383582 0.000405452 0.00081222 0.000871459 2.06169e-07 -1.03716e-08 0.130129 2.33352e-05 -0.000996021 1.29774e-06 1
0.12 0.00561049 -0.0028135 0.00277074 -0.00278254 0.00263968 0.00383616 0.00383545 0.00375018 0.00370566 0.000382095 0.00040391 0.000816999 0.000876617 6.72824e-08 -1.04072e-08 0.128956 2.36985e-05 -0.0010187 1.32089e-06 0.999999
0.121 0.00573755 -0.00287213 0.00282849 -0.00284244 0.00269758 0.00393689 0.00393638 0.00384957 0.00380466 0.000380468 0.000402224 0.000821651 0.000881642 -7.9323e-08 -1.04494e-08 0.127774 2.40624e-05 -0.00104163 1.34424e-06 0.999999
0.122 0.00586603 -0.00293136 0.00288685 -0.002903 0.00275614 0.00403915 0.00403884 0.00395046 0.00390518 0.000378707 0.000400398 0.00082618 0.00088654 -2.33835e-07 -1.04983e-08 0.126581 2.44268e-05 -0.00106481 1.36777e-06 0.999999
0.123 0.00599594 -0.00299121 0.00294582 -0.00296422 0.00281536 0.00414294 0.00414283 0.00405288 0.00400722 0.000376817 0.00039844 0.000830595 0.000891318 -3.96444e-07 -1.05543e-08 0.125379 2.47919e-05 -0.00108824 1.3915e-06 0.999999
0.124 0.00612726 -0.00305167 0.00300539 -0.00302611 0.00287525 0.00424828 0.00424837 0.00415684 0.0041108 0.000374807 0.000396357 0.000834901 0.000895983 -5.67339e-07 -1.06178e-08 0.124166 2.51574e-05 -0.00111192 1.41542e-06 0.999999
0.125 0.00626 -0.00311275 0.00306558 -0.00308866 0.0029358 0.00435516 0.00435546 0.00426233 0.00421593 0.000372683 0.000394157 0.000839105 0.000900543 -7.46713e-07 -1.06889e-08 0.122945 2.55235e-05 -0.00113585 1.43954e-06 0.999999
0.126 0.00639416 -0.00317445 0.00312639 -0.00315188 0.00299702 0.00446359 0.00446411 0.00436938 0.00432261 0.000370452 0.000391846 0.000843216 0.000905005 -9.34759e-07 -1.0768e-08 0.121713 2.58902e-05 -0.00116003 1.46385e-06 0.999999
0.127 0.00652972 -0.00323677 0.00318782 -0.00321578 0.00305892 0.0045736 0.00457433 0.004478 0.00443086 0.000368124 0.000389433 0.000847242 0.000909378 -1.13167e-06 -1.08553e-08 0.120472 2.62573e-05 -0.00118446 1.48837e-06 0.999999
0.128 0.00666668 -0.00329971 0.00324986 -0.00328035 0.00312149 0.00468518 0.00468613 0.00458819 0.00454068 0.000365706 0.000386928 0.000851192 0.000913671 -1.33764e-06 -1.09511e-08 0.11922 2.6625e-05 -0.00120913 1.51309e-06 0.999999
0.129 0.00680505 -0.00336327 0.00331253 -0.00334561 0.00318473 0.00479835 0.00479952 0.00469997 0.00465209 0.000363208 0.000384339 0.000855074 0.000917894 -1.55287e-06 -1.10558e-08 0.11796 2.69933e-05 -0.00123405 1.53802e-06 0.999999
0.13 0.00694481 -0.00342746 0.00337582 -0.00341154 0.00324866 0.00491311 0.00491451 0.00481335 0.00476511 0.000360639 0.000381677 0.0008589 0.000922057 -1.77755e-06 -1.11695e-08 0.116689 2.7362e-05 -0.00125921 1.56315e-06 0.999999
0.131 0.00708596 -0.00349228 0.00343974 -0.00347816 0.00331328 0.00502949 0.00503111 0.00492834 0.00487974 0.00035801 0.000378951 0.000862678 0.00092617 -2.01188e-06 -1.12927e-08 0.115408 2.77313e-05 -0.00128462 1.5885e-06 0.999999
0.132 0.0072285 -0.00355774 0.00350429 -0.00354548 0.00337858 0.00514748 0.00514934 0.00504496 0.00499599 0.000355331 0.000376172 0.000866422 0.000930246 -2.25606e-06 -1.14255e-08 0.114118 2.81012e-05 -0.00131027 1.61406e-06 0.999999
0.133 0.00737243 -0.00362383 0.00356948 -0.00361348 0.00344457 0.0052671 0.0052692 0.00516322 0.00511388 0.000352614 0.000373354 0.000870141 0.000934297 -2.51029e-06 -1.15683e-08 0.112818 2.84716e-05 -0.00133617 1.63985e-06 0.999999
0.134 0.00751774 -0.00369055 0.0036353 -0.00368219 0.00351126 0.00538837 0.0053907 0.00528314 0.00523343 0.000349871 0.000370506 0.00087385 0.000938334 -2.77477e-06 -1.17214e-08 0.111509 2.88426e-05 -0.0013623 1.66585e-06 0.999999
0.135 0.00766443 -0.00375792 0.00370176 -0.00375159 0.00357866 0.00551129 0.00551386 0.00540472 0.00535465 0.000347114 0.000367644 0.000877562 0.000942373 -3.0497e-06 -1.18849e-08 0.110189 2.92141e-05 -0.00138868 1.69208e-06 0.999999
0.136 0.00781249 -0.00382593 0.00376887 -0.00382171 0.00364675 0.00563588 0.00563869 0.00552798 0.00547755 0.000344358 0.000364779 0.00088129 0.000946428 -3.33529e-06 -1.20594e-08 0.10886 2.95863e-05 -0.0014153 1.71854e-06 0.999999
0.137 0.00796192 -0.0038946 0.00383662 -0.00389253 0.00371556 0.00576215 0.00576521 0.00565295 0.00560215 0.000341617 0.000361928 0.00088505 0.000950514 -3.63173e-06 -1.2245e-08 0.107521 2.99591e-05 -0.00144216 1.74522e-06 0.999999
0.138 0.00811272 -0.00396391 0.00390503 -0.00396408 0.00378507 0.00589012 0.00589343 0.00577963 0.00572846 0.000338906 0.000359105 0.000888858 0.000954647 -3.93923e-06 -1.2442e-08 0.106172 3.03325e-05 -0.00146926 1.77215e-06 0.999999
0.139 0.00826489 -0.00403388 0.00397409 -0.00403634 0.00385531 0.0060198 0.00602336 0.00590805 0.00585651 0.000336241 0.000356327 0.000892732 0.000958845 -4.25799e-06 -1.26507e-08 0.104814 3.07067e-05 -0.0014966 1.79931e-06 0.999999
0.14 0.00841841 -0.00410451 0.00404381 -0.00410934 0.00392627 0.0061512 0.00615502 0.00603822 0.0059863 0.000333639 0.000353611 0.000896689 0.000963127 -4.58823e-06 -1.28716e-08 0.103445 3.10815e-05 -0.00152418 1.82672e-06 0.999999
0.141 0.0085733 -0.00417581 0.00411419 -0.00418307 0.00399797 0.00628435 0.00628842 0.00617016 0.00611787 0.000331119 0.000350976 0.000900748 0.000967512 -4.93013e-06 -1.31048e-08 0.102067 3.1457e-05 -0.00155199 1.85438e-06 0.999999
0.142 0.00872954 -0.00424777 0.00418525 -0.00425754 0.00407039 0.00641925 0.00642359 0.00630388 0.00625122 0.000328699 0.000348441 0.000904931 0.000972021 -5.28392e-06 -1.33506e-08 0.100679 3.18334e-05 -0.00158005 1.88229e-06 0.999999
0.143 0.00888713 -0.00432041 0.00425697 -0.00433275 0.00414356 0.00655593 0.00656053 0.00643942 0.00638637 0.000326401 0.000346027 0.00090926 0.000976677 -5.64979e-06 -1.36095e-08 0.0992819 3.22105e-05 -0.00160834 1.91046e-06 0.999999
0.144 0.00904607 -0.00439372 0.00432938 -0.00440872 0.00421748 0.0066944 0.00669927 0.00657678 0.00652335 0.000324247 0.000343756 0.000913757 0.000981503 -6.02796e-06 -1.38817e-08 0.0978746 3.25885e-05 -0.00163686 1.93889e-06 0.999999
0.145 0.00920636 -0.00446772 0.00440247 -0.00448545 0.00429215 0.00683469 0.00683982 0.006716 0.00666218 0.000322259 0.000341651 0.000918447 0.000986524 -6.41863e-06 -1.41676e-08 0.0964575 3.29673e-05 -0.00166562 1.96759e-06 0.999999
0.146 0.00833188 -0.0063581 0.0025376 -0.00195411 0.00681128 0.00146443 0.00473891 0.010029 0.00790708 0.00651784 0.00431294 -0.000805749 -0.000875358 -1.18009e-06 7.82921e-07 0.0950539 -0.000173632 -0.00197426 1.32406e-05 0.999998
0.147 0.00605472 -0.00828116 0.000664632 0.000191338 0.00896758 -0.00519523 0.000209503 0.0149866 0.0119384 0.0148182 0.0117303 -0.00314288 -0.00401209 5.97387e-06 6.97298e-07 0.0936474 -0.000346942 -0.00233056 3.3695e-05 0.999997
0.148 0.00391919 -0.0100369 -0.0010382 0.00222421 0.0110239 -0.0114353 -0.00400748 0.0194998 0.0155355 0.0225281 0.0186625 -0.00506457 -0.0066738 1.07715e-05 -5.62505e-07 0.0922357 -0.000510425 -0.00267844 5.85181e-05 0.999996
0.149 0.00191106 -0.0116422 -0.00258764 0.00415317 0.0129876 -0.0172854 -0.00793531 0.023617 0.0187453 0.0296933 0.0251484 -0.00661888 -0.00891322 1.34222e-05 -2.84159e-06 0.0908183 -0.000664594 -0.00301818 8.73191e-05 0.999995
0.15 1.7983e-05 -0.0131123 -0.00399896 0.00598614 0.0148656 -0.0227733 -0.0115956 0.0273808 0.0216094 0.0363558 0.0312238 -0.00784839 -0.0107774 1.41185e-05 -6.00405e-06 0.089395 -0.000809941 -0.00335016 0.000119742 0.999994
0.151 -0.00296369 -0.0148409 -0.00562037 0.00809128 0.0169841 -0.0301849 -0.0170799 0.0328181 0.0259897 0.0462555 0.0403683 -0.0100291 -0.0135382 1.64173e-05 -9.81925e-06 0.0879727 -0.000976243 -0.0037663 0.000160561 0.999992
0.152 -0.00579005 -0.0164281 -0.00710326 0.0101086 0.0190259 -0.03716 -0.0222187 0.0377957 0.0299168 0.0555282 0.0489778 -0.0117814 -0.0158293 1.63514e-05 -1.46858e-05 0.0865458 -0.00113316 -0.00417427 0.000204904 0.999991
0.153 -0.00847452 -0.017888 -0.00846111 0.0120445 0.0209963 -0.0437281 -0.0270365 0.0423599 0.0334361 0.0642201 0.0570932 -0.013152 -0.0177008 1.41231e-05 -2.04665e-05 0.0851138 -0.00128112 -0.00457443 0.000252463 0.999989
0.154 -0.0110289 -0.0192333 -0.00970623 0.0139049 0.0229003 -0.0499169 -0.0315559 0.0465527 0.0365886 0.072374 0.0647521 -0.0141826 -0.0191978 9.91906e-06 -2.70407e-05 0.0836765 -0.00142055 -0.00496721 0.000302953 0.999987
0.155 -0.0134638 -0.0204757 -0.0108498 0.0156953 0.0247426 -0.0557524 -0.0357982 0.0504113 0.0394108 0.0800293 0.071989 -0.0149106 -0.0203611 3.91155e-06 -3.43024e-05 0.0822336 -0.00155188 -0.00535308 0.000356115 0.999984
0.156 -0.0157883 -0.0216258 -0.0119022 0.0174207 0.0265276 -0.0612588 -0.039783 0.0539691 0.0419356 0.0872223 0.0788358 -0.0153693 -0.0212273 -3.74118e-06 -4.21586e-05 0.0807849 -0.00167548 -0.0057325 0.000411711 0.999982
0.157 -0.0190621 -0.0232395 -0.0133302 0.0195606 0.0286728 -0.0687715 -0.0453963 0.0586832 0.0456739 0.0979982 0.0889711 -0.016735 -0.0231422 -9.85508e-06 -5.03754e-05 0.0793372 -0.00183267 -0.00619618 0.00047463 0.999979
0.158 -0.0221982 -0.0247341 -0.0146481 0.0216387 0.0307647 -0.0758751 -0.0506813 0.0630209 0.0490298 0.108186 0.0986011 -0.0177568 -0.0246818 -1.79373e-05 -5.95238e-05 0.0778847 -0.00198062 -0.00665179 0.000540281 0.999976
0.159 -0.0252063 -0.0261213 -0.0158667 0.0236594 0.0328068 -0.0825966 -0.0556604 0.0670181 0.0520388 0.117826 0.107763 -0.0184705 -0.025885 -2.78202e-05 -6.9488e-05 0.076427 -0.00211971 -0.0070999 0.00060842 0.999972
0.16 -0.0280951 -0.0274119 -0.0169961 0.0256267 0.0348028 -0.0889613 -0.0603546 0.0707069 0.054733 0.126959 0.116491 -0.0189085 -0.0267875 -3.9349e-05 -8.01656e-05 0.0749639 -0.00225033 -0.00754111 0.000678821 0.999969
0.161 -0.0308724 -0.0286159 -0.0180454 0.0275447 0.0367561 -0.0949925 -0.0647833 0.0741166 0.0571413 0.135618 0.124818 -0.0191001 -0.0274216 -5.23815e-05 -9.14667e-05 0.0734951 -0.00237284 -0.007976 0.000751278 0.999965
0.162 -0.0335452 -0.0297423 -0.0190229 0.029417 0.0386698 -0.100713 -0.0689644 0.0772737 0.0592903 0.143838 0.132772 -0.0190714 -0.0278168 -6.6787e-05 -0.000103312 0.0720206 -0.00248759 -0.00840511 0.000825599 0.999961
0.163 -0.03612 -0.0307993 -0.0199362 0.0312472 0.0405471 -0.106142 -0.0729147 0.0802019 0.0612039 0.151649 0.140381 -0.0188463 -0.028 -8.24458e-05 -0.000115634 0.07054 -0.00259492 -0.00882902 0.000901611 0.999957
0.164 -0.0386025 -0.0317945 -0.0207923 0.0330386 0.0423909 -0.111299 -0.0766498 0.0829229 0.0629036 0.159079 0.14767 -0.0184461 -0.0279954 -9.92485e-05 -0.00012837 0.0690532 -0.00269517 -0.00924823 0.00097915 0.999953
0.165 -0.041949 -0.0333193 -0.0220447 0.0353146 0.044674 -0.11863 -0.0821135 0.0865361 0.0655757 0.170364 0.158497 -0.0188275 -0.0288748 -0.000114382 -0.000141362 0.0675668 -0.00283666 -0.0097499 0.00106325 0.999948
0.166 -0.0451834 -0.0347504 -0.0232182 0.0375558 0.0469272 -0.125605 -0.0872885 0.0898791 0.0679611 0.181149 0.168899 -0.0189789 -0.0295061 -0.000131022 -0.000155143 0.0660749 -0.00296929 -0.0102446 0.00114925 0.999942
0.167 -0.0483116 -0.0360971 -0.0243212 0.0397655 0.0491535 -0.132246 -0.0921934 0.0929764 0.0700841 0.191467 0.178905 -0.0189246 -0.0299168 -0.000149044 -0.000169629 0.0645774 -0.00309337 -0.010733 0.00123694 0.999937
0.168 -0.0513394 -0.0373681 -0.025361 0.0419469 0.0513555 -0.138574 -0.0968452 0.0958502 0.0719674 0.201351 0.188545 -0.0186864 -0.0301322 -0.000168334 -0.000184744 0.0630742 -0.00320923 -0.0112157 0.00132617 0.999931
0.169 -0.0542719 -0.0385715 -0.0263448 0.0441029 0.053536 -0.144608 -0.10126 0.0985208 0.0736314 0.21083 0.197845 -0.0182842 -0.0301754 -0.000188787 -0.00020042 0.0615649 -0.00331719 -0.0116934 0.00141677 0.999925
0.17 -0.0571138 -0.0397145 -0.0272787 0.0462366 0.0556975 -0.150368 -0.105452 0.101007 0.0750947 0.21993 0.206831 -0.0177362 -0.0300678 -0.00021031 -0.000216601 0.0600495 -0.00341752 -0.0121665 0.00150858 0.999919
0.171 -0.0598695 -0.0408039 -0.0281687 0.0483508 0.0578426 -0.155869 -0.109436 0.103324 0.0763746 0.228679 0.215525 -0.0170585 -0.0298289 -0.000232815 -0.000233236 0.0585278 -0.00351053 -0.0126358 0.00160147 0.999913
0.172 -0.0625431 -0.041846 -0.0290201 0.0504484 0.0599738 -0.161129 -0.113223 0.10549 0.0774866 0.237101 0.22395 -0.016266 -0.0294767 -0.000256226 -0.000250281 0.0569996 -0.00359648 -0.0131017 0.0016953 0.999906
0.173 -0.0651382 -0.0428463 -0.0298379 0.0525323 0.0620938 -0.166161 -0.116826 0.107516 0.078445 0.245217 0.232127 -0.0153721 -0.0290276 -0.00028047 -0.0002677 0.0554648 -0.00367563 -0.0135647 0.00178997 0.9999
0.174 -0.0686878 -0.0441463 -0.0311904 0.0548875 0.0644556 -0.173407 -0.122237 0.110425 0.0804556 0.25709 0.243571 -0.0151859 -0.0292811 -0.000302935 -0.000285463 0.0539283 -0.00377943 -0.0140913 0.0018907 0.999892
0.175 -0.0721331 -0.0453913 -0.0324867 0.0572411 0.0668174 -0.180358 -0.127404 0.113127 0.0822335 0.268572 0.254696 -0.0148476 -0.0293785 -0.000326612 -0.000303939 0.0523861 -0.00387481 -0.0146147 0.0019924 0.999884
0.176 -0.0754792 -0.0465874 -0.0337329 0.059596 0.0691816 -0.187032 -0.132342 0.115642 0.0837971 0.27969 0.265528 -0.0143751 -0.0293413 -0.000351417 -0.000323073 0.0508378 -0.00396201 -0.0151354 0.00209493 0.999875
0.177 -0.0786879 -0.0483006 -0.0358818 0.0618792 0.0714629 -0.198661 -0.142666 0.118239 0.0851076 0.292572 0.277001 -0.0135911 -0.029099 -0.000377357 -0.000342652 0.0492844 -0.00402735 -0.0156596 0.00221238 0.999867
0.178 -0.0818229 -0.0499512 -0.0379645 0.0641767 0.0737595 -0.209973 -0.152731 0.120664 0.0862292 0.305005 0.288092 -0.0126846 -0.0287572 -0.000404991 -0.000363178 0.0477245 -0.00408561 -0.0161761 0.00233085 0.999858
0.179 -0.0848885 -0.0515447 -0.0399871 0.0664911 0.0760736 -0.220983 -0.162551 0.122934 0.0871775 0.317013 0.298823 -0.0116706 -0.0283338 -0.000434201 -0.000384598 0.0461581 -0.00413693 -0.0166851 0.00245021 0.999849
0.18 -0.0878878 -0.0551642 -0.0433198 0.068936 0.0785161 -0.223573 -0.162634 0.125081 0.0879599 0.316861 0.302649 -0.0105396 -0.0278937 -0.000464913 -0.000406251 0.0445854 -0.00419406 -0.0171859 0.00254856 0.99984
0.181 -0.0907689 -0.0587004 -0.0466063 0.0714069 0.0809837 -0.226046 -0.162603 0.127104 0.0886078 0.316583 0.306372 -0.00933248 -0.027417 -0.000495715 -0.000429394 0.0430061 -0.004246 -0.0176994 0.00264844 0.999831
0.182 -0.0935378 -0.0621702 -0.0498629 0.0739052 0.0834776 -0.228435 -0.162502 0.129016 0.0891322 0.316211 0.310029 -0.00806058 -0.0269164 -0.000526588 -0.000453944 0.04142 -0.00429261 -0.0182251 0.00274971 0.999821
0.183 -0.0961998 -0.0656096 -0.0531435 0.0764319 0.0859982 -0.230818 -0.162428 0.130827 0.0895424 0.315785 0.313695 -0.00673441 -0.026403 -0.000557521 -0.00047982 0.039827 -0.00433352 -0.0187627 0.00285239 0.999811
0.184 -0.0987613 -0.0692488 -0.0564446 0.0789876 0.0885458 -0.233166 -0.162664 0.13255 0.0898464 0.315531 0.316977 -0.0053649 -0.025886 -0.000588519 -0.000506904 0.038227 -0.00436801 -0.0193113 0.00295622 0.9998
0.185 -0.101223 -0.0731877 -0.0600922 0.0815768 0.0911245 -0.235354 -0.162559 0.13419 0.0900485 0.315195 0.319169 -0.00395836 -0.0253754 -0.000619624 -0.000535152 0.0366199 -0.00439618 -0.0198711 0.00306077 0.999788
0.186 -0.103323 -0.074167 -0.0587577 0.0896389 0.0994213 -0.237224 -0.161287 0.136561 0.0923636 0.313182 0.316307 -0.00149463 -0.0268619 -0.000648038 -0.000567937 0.0350368 -0.00494228 -0.0208948 0.00314788 0.999765
