0 0 0 0 0 0 0 0 0 0 0 0 0 0 0 0 0.1 0 0 0 1
0.001 -4.36861e-19 -4.46467e-19 -3.40702e-19 3.77162e-19 3.01329e-20 -2.4991e-18 -2.35915e-18 -3.99856e-19 5.79791e-19 6.63315e-18 6.11628e-18 1.66547e-18 -6.60443e-19 4.97296e-21 -3.00893e-21 0.0999902 -1.13243e-20 4.26326e-20 -2.55351e-20 1
0.002 2.02475e-10 -3.30613e-10 3.34742e-10 -2.69593e-10 2.62472e-10 4.42156e-10 4.43797e-10 5.97118e-10 5.94216e-10 -4.96772e-10 -5.01712e-10 -7.48061e-10 -7.4221e-10 -8.42503e-14 -2.82996e-15 0.0999706 2.99843e-13 -4.31476e-11 2.82201e-13 1
0.003 1.2146e-09 -1.98305e-09 2.00781e-09 -1.61712e-09 1.57441e-09 2.65274e-09 2.66258e-09 3.58216e-09 3.56476e-09 -2.98066e-09 -3.01029e-09 -4.48783e-09 -4.45275e-09 -5.02755e-13 -1.69369e-14 0.0999411 1.79862e-12 -2.58829e-10 1.69229e-12 1
0.004 4.04769e-09 -6.60677e-09 6.68919e-09 -5.38808e-09 5.24587e-09 8.84045e-09 8.87322e-09 1.19362e-08 1.18782e-08 -9.93327e-09 -1.00319e-08 -1.49534e-08 -1.48365e-08 -1.67057e-12 -5.62847e-14 0.0999019 5.99367e-12 -8.62515e-10 5.63522e-12 1
0.005 1.01164e-08 -1.65053e-08 1.6711e-08 -1.34623e-08 1.31073e-08 2.20928e-08 2.21746e-08 2.98235e-08 2.96788e-08 -2.4822e-08 -2.50682e-08 -3.73582e-08 -3.70665e-08 -4.17221e-12 -1.4021e-13 0.0998529 1.4979e-11 -2.15552e-09 1.40673e-11 1
0.006 2.12374e-08 -3.46302e-08 3.5061e-08 -2.82501e-08 2.75058e-08 4.63707e-08 4.65422e-08 6.25815e-08 6.22779e-08 -5.20913e-08 -5.26074e-08 -7.83787e-08 -7.77671e-08 -8.77106e-12 -2.93238e-13 0.099794 3.14435e-11 -4.52469e-09 2.94845e-11 1
0.007 3.96287e-08 -6.45733e-08 6.53749e-08 -5.26866e-08 5.13002e-08 8.65013e-08 8.68205e-08 1.16707e-07 1.16141e-07 -9.71513e-08 -9.81124e-08 -1.46132e-07 -1.44993e-07 -1.64238e-11 -5.4485e-13 0.0997253 5.86678e-11 -8.44196e-09 5.49075e-11 1
0.008 6.7907e-08 -1.10557e-07 1.11926e-07 -9.02258e-08 8.78551e-08 1.48169e-07 1.48714e-07 1.99838e-07 1.98869e-07 -1.66363e-07 -1.68006e-07 -2.50148e-07 -2.482e-07 -2.82995e-11 -9.29224e-13 0.0996468 1.00522e-10 -1.44638e-08 9.38627e-11 1
0.009 1.09087e-07 -1.77423e-07 1.79613e-07 -1.44833e-07 1.41034e-07 2.37904e-07 2.38778e-07 3.20736e-07 3.19182e-07 -2.67022e-07 -2.69654e-07 -4.01339e-07 -3.98215e-07 -4.58035e-11 -1.48492e-12 0.0995586 1.61461e-10 -2.32309e-08 1.50361e-10 1
0.01 1.66577e-07 -2.70619e-07 2.73949e-07 -2.20976e-07 2.15191e-07 3.63071e-07 3.64402e-07 4.89261e-07 4.86893e-07 -4.07337e-07 -4.11344e-07 -6.11958e-07 -6.072e-07 -7.06058e-11 -2.25457e-12 0.0994605 2.46521e-10 -3.54668e-08 2.28873e-10 1
0.011 2.44179e-07 -3.96185e-07 4.01042e-07 -3.23614e-07 3.15161e-07 5.31856e-07 5.338e-07 7.16348e-07 7.12884e-07 -5.96407e-07 -6.02261e-07 -8.95562e-07 -8.88607e-07 -1.04673e-10 -3.28445e-12 0.0993526 3.61315e-10 -5.19781e-08 3.34299e-10 1
0.012 3.46086e-07 -5.60735e-07 5.67581e-07 -4.5819e-07 4.46251e-07 7.53249e-07 7.55993e-07 1.01397e-06 1.00908e-06 -8.44201e-07 -8.52466e-07 -1.26696e-06 -1.25714e-06 -1.50305e-10 -4.62416e-12 0.0992348 5.12024e-10 -7.36526e-08 4.71944e-10 1
0.013 4.76873e-07 -7.71443e-07 7.80819e-07 -6.30616e-07 6.14228e-07 1.03703e-06 1.04079e-06 1.39514e-06 1.3884e-06 -1.16153e-06 -1.17287e-06 -1.74218e-06 -1.72869e-06 -2.10176e-10 -6.32613e-12 0.0991073 7.05395e-10 -1.01459e-07 6.4748e-10 1
0.014 6.41502e-07 -1.03602e-06 1.04855e-06 -8.47261e-07 8.25307e-07 1.39374e-06 1.39878e-06 1.87381e-06 1.86477e-06 -1.56e-06 -1.57519e-06 -2.33839e-06 -2.3203e-06 -2.87376e-10 -8.44524e-12 0.09897 9.48729e-10 -1.36445e-07 8.66914e-10 1
0.015 8.4531e-07 -1.3627e-06 1.37909e-06 -1.11494e-06 1.08614e-06 1.8347e-06 1.84131e-06 2.46491e-06 2.45304e-06 -2.05203e-06 -2.07194e-06 -3.07385e-06 -3.05012e-06 -3.85458e-10 -1.10383e-11 0.0988228 1.24988e-09 -1.79738e-07 1.13655e-09 1
0.016 1.09401e-06 -1.7602e-06 1.78125e-06 -1.44089e-06 1.40379e-06 2.37192e-06 2.38043e-06 3.18429e-06 3.16897e-06 -2.65076e-06 -2.6764e-06 -3.9679e-06 -3.93731e-06 -5.08488e-10 -1.41636e-11 0.0986659 1.61723e-09 -2.32541e-07 1.46297e-09 1
0.017 1.39368e-06 -2.23773e-06 2.26433e-06 -1.83277e-06 1.78575e-06 3.01816e-06 3.02894e-06 4.04864e-06 4.02919e-06 -3.37007e-06 -3.40255e-06 -5.04081e-06 -5.00203e-06 -6.61096e-10 -1.78806e-11 0.0984992 2.0597e-09 -2.96134e-07 1.85295e-09 1
0.018 1.75077e-06 -2.80494e-06 2.83807e-06 -2.29863e-06 2.23989e-06 3.78686e-06 3.80031e-06 5.07552e-06 5.05117e-06 -4.22452e-06 -4.26508e-06 -6.31382e-06 -6.26534e-06 -8.48529e-10 -2.2249e-11 0.0983226 2.58673e-09 -3.71869e-07 2.31348e-09 1
0.019 2.17208e-06 -3.4719e-06 3.51263e-06 -2.84691e-06 2.77444e-06 4.69212e-06 4.7087e-06 6.28328e-06 6.25317e-06 -5.22931e-06 -5.27933e-06 -7.809e-06 -7.74916e-06 -1.07671e-09 -2.73288e-11 0.0981362 3.20826e-09 -4.61174e-07 2.85168e-09 1
0.02 2.66476e-06 -4.24909e-06 4.29858e-06 -3.4864e-06 3.39803e-06 5.74869e-06 5.7689e-06 7.69101e-06 7.65421e-06 -6.40028e-06 -6.46124e-06 -9.54924e-06 -9.47622e-06 -1.35228e-09 -3.31794e-11 0.0979401 3.93471e-09 -5.65544e-07 3.47478e-09 1
0.021 3.2363e-06 -5.14737e-06 5.20686e-06 -4.22625e-06 4.11959e-06 6.97194e-06 6.99632e-06 9.31853e-06 9.27403e-06 -7.75386e-06 -7.82738e-06 -1.15582e-05 -1.147e-05 -1.68267e-09 -3.98594e-11 0.0977341 4.777e-09 -6.86547e-07 4.19009e-09 1
0.022 3.89453e-06 -6.17793e-06 6.24876e-06 -5.07592e-06 4.9484e-06 8.37788e-06 8.40699e-06 1.11864e-05 1.1133e-05 -9.307e-06 -9.39485e-06 -1.386e-05 -1.37546e-05 -2.07618e-09 -4.7426e-11 0.0975183 5.74649e-09 -8.25815e-07 5.00493e-09 1
0.023 4.64761e-06 -7.35229e-06 7.43588e-06 -6.04519e-06 5.89404e-06 9.98304e-06 1.00175e-05 1.33156e-05 1.32523e-05 -1.10772e-05 -1.11813e-05 -1.64799e-05 -1.63548e-05 -2.54197e-09 -5.59346e-11 0.0972927 6.855e-09 -9.85046e-07 5.92665e-09 1
0.024 -0.00011222 4.91178e-05 6.13146e-05 -4.31461e-05 -0.000110858 -0.00134523 -0.0013029 0.000308518 -0.000885032 0.00220576 0.00212676 -0.000231699 0.00172469 2.3395e-07 -7.39197e-08 0.0971031 -2.43976e-07 -3.07285e-07 6.22734e-06 1
0.025 -0.000217071 -0.000245981 -7.93444e-05 0.000142242 0.000166179 -0.00408587 -0.00354902 0.000325719 -0.00245016 0.00650456 0.00562431 0.000208119 0.00478333 1.08744e-06 -4.94694e-08 0.0968615 -1.65666e-05 -3.9136e-05 1.78395e-05 1
0.026 -0.000342682 -0.00065705 -0.000422399 0.00058759 0.000618772 -0.00770761 -0.00629143 7.92636e-05 -0.00423144 0.0121384 0.00987431 0.00123565 0.00836401 2.23342e-06 -2.20555e-08 0.096612 -5.30113e-05 -9.66103e-05 3.3656e-05 1
0.027 -0.000489199 -0.0011178 -0.000812756 0.00118884 0.00112195 -0.0123976 -0.00952206 -0.00032048 -0.00604418 0.0194909 0.0148786 0.00260481 0.0121002 3.47042e-06 -5.24875e-08 0.0963534 -0.000103139 -0.00016231 5.52595e-05 1
0.028 -0.000649346 -0.00154476 -0.00123421 0.0018405 0.00164542 -0.0183048 -0.0132986 -0.000883448 -0.0078784 0.0288274 0.0207262 0.00430601 0.0159491 4.73737e-06 -1.9623e-07 0.0960857 -0.000160442 -0.000235367 8.35939e-05 1
0.029 -0.000814777 -0.00194993 -0.00163703 0.00246692 0.00219364 -0.025584 -0.0177168 -0.0016446 -0.00979176 0.0404117 0.0275589 0.00638665 0.019995 6.02796e-06 -4.63799e-07 0.0958089 -0.000220052 -0.000318215 0.00011935 1
0.03 -0.000982108 -0.00231482 -0.00201598 0.00307675 0.00276032 -0.0342651 -0.0230603 -0.00262654 -0.0118268 0.0542706 0.0358773 0.00887348 0.024303 7.31124e-06 -8.64486e-07 0.0955229 -0.000283605 -0.00041179 0.000162512 1
0.031 -0.00121266 -0.00260146 -0.00228886 0.0036524 0.00328476 -0.045836 -0.0307193 -0.00429464 -0.0143946 0.0728108 0.0479452 0.0126661 0.0296977 8.73616e-06 -1.46518e-06 0.0952278 -0.000353714 -0.000520059 0.000219576 1
0.032 -0.00146912 -0.00287135 -0.00248476 0.0042249 0.00378171 -0.0591918 -0.0397755 -0.00651457 -0.0174459 0.0943373 0.0622569 0.0174892 0.0360395 1.02012e-05 -2.19633e-06 0.0949232 -0.000432212 -0.000648314 0.000284631 1
0.033 -0.0017442 -0.00309787 -0.00263244 0.00472629 0.00426829 -0.0746117 -0.0504287 -0.00948642 -0.0212088 0.119324 0.0791035 0.023704 0.0437371 1.17461e-05 -3.08261e-06 0.0946094 -0.000516255 -0.000807001 0.000358438 0.999999
0.034 -0.00202382 -0.00331652 -0.00277674 0.00520275 0.00478992 -0.0924338 -0.0629674 -0.0134647 -0.0259401 0.148325 0.0989184 0.0317659 0.0532624 1.33948e-05 -4.12079e-06 0.0942869 -0.000611778 -0.0010107 0.000441812 0.999999
0.035 -0.00227043 -0.00357184 -0.00294685 0.00572264 0.00539073 -0.112965 -0.0777127 -0.0186679 -0.0318233 0.181844 0.122194 0.0420381 0.0649394 1.50449e-05 -5.31674e-06 0.0939559 -0.000727049 -0.00127654 0.00053557 0.999999
0.036 -0.00241667 -0.0038763 -0.00315241 0.0063337 0.00609583 -0.136396 -0.0950055 -0.0252455 -0.0389337 0.220193 0.149469 0.0547248 0.0788688 1.63862e-05 -6.70619e-06 0.0936165 -0.000869481 -0.00162338 0.000640325 0.999998
0.037 -0.00237505 -0.00421216 -0.00340797 0.00706752 0.00692229 -0.162813 -0.115275 -0.0333779 -0.0473437 0.263481 0.181416 0.0700638 0.0951258 1.69109e-05 -8.3509e-06 0.0932687 -0.00104539 -0.00207377 0.000756527 0.999997
0.038 -0.00203546 -0.00453063 -0.00373905 0.00794568 0.00787867 -0.19216 -0.139054 -0.0432598 -0.0571281 0.311545 0.218867 0.0882945 0.11376 1.58676e-05 -1.03333e-05 0.0929125 -0.00125914 -0.0026538 0.000884275 0.999995
0.039 -0.0011675 -0.00472933 -0.00395668 0.00882639 0.00883211 -0.223583 -0.16454 -0.0540202 -0.0677248 0.363004 0.25908 0.107627 0.13346 1.17644e-05 -1.27482e-05 0.0925459 -0.00149786 -0.00337258 0.00102045 0.999993
0.04 0.000276935 -0.00480262 -0.00405496 0.00970945 0.00978214 -0.257051 -0.191793 -0.0657318 -0.0792009 0.417591 0.302057 0.128126 0.154279 3.81377e-06 -1.56017e-05 0.0921688 -0.00176219 -0.00424216 0.00116565 0.999989
0.041 0.0021052 -0.00488972 -0.00457273 0.0109979 0.011053 -0.294305 -0.226172 -0.0806585 -0.0931735 0.477342 0.355543 0.154038 0.179436 -7.71568e-06 -1.88457e-05 0.0917851 -0.00208691 -0.00532213 0.00132846 0.999983
0.042 0.00482934 -0.0048774 -0.00499088 0.0122361 0.0122683 -0.333833 -0.263236 -0.097184 -0.108712 0.539906 0.413065 0.181953 0.206561 -2.60207e-05 -2.26811e-05 0.0913911 -0.00241483 -0.00662344 0.00150236 0.999974
0.043 0.00850276 -0.00478223 -0.00532263 0.0134179 0.0134223 -0.375452 -0.302888 -0.115412 -0.125955 0.604634 0.474174 0.211941 0.235774 -5.21416e-05 -2.7063e-05 0.0909864 -0.00273951 -0.00815419 0.00168687 0.999962
0.044 0.0129511 -0.00492228 -0.00553525 0.0149367 0.0147784 -0.420899 -0.347177 -0.137242 -0.145668 0.673128 0.541121 0.24739 0.268711 -8.61402e-05 -3.18252e-05 0.090574 -0.00309026 -0.00995614 0.00189188 0.999944
0.045 0.0185812 -0.00499355 -0.00567773 0.0163803 0.016056 -0.4683 -0.393966 -0.161452 -0.167717 0.742804 0.610752 0.285707 0.304403 -0.000130581 -3.70486e-05 0.0901515 -0.00342765 -0.0120177 0.00210823 0.99992
0.046 0.0253871 -0.00501542 -0.00576465 0.0177494 0.0172562 -0.517337 -0.442858 -0.188086 -0.192191 0.812858 0.68203 0.32682 0.342863 -0.000185683 -4.26062e-05 0.0897188 -0.00374754 -0.0143243 0.002335 0.999888
0.047 0.0333263 -0.00500543 -0.00580906 0.019047 0.0183827 -0.567683 -0.493415 -0.217117 -0.219103 0.882546 0.753911 0.370536 0.383992 -0.000251176 -4.8359e-05 0.0892758 -0.00404741 -0.0168519 0.00257136 0.999846
0.048 0.0423185 -0.00497989 -0.00582324 0.0202771 0.0194398 -0.619006 -0.5452 -0.248426 -0.248379 0.951215 0.825442 0.416528 0.42756 -0.00032636 -5.41661e-05 0.0888221 -0.004326 -0.0195691 0.00281651 0.999795
0.049 0.0522465 -0.00495501 -0.00581973 0.0214441 0.0204319 -0.670984 -0.5978 -0.281799 -0.279844 1.01831 0.89581 0.464338 0.473202 -0.000410214 -5.98982e-05 0.0883574 -0.00458277 -0.0224383 0.0030697 0.999733
0.05 0.0629571 -0.00494781 -0.00581233 0.0225521 0.0213631 -0.723308 -0.650837 -0.316929 -0.313226 1.08337 0.964361 0.513393 0.520428 -0.000501526 -6.54507e-05 0.0878808 -0.00481752 -0.0254181 0.00333015 0.99966
0.051 0.0742651 -0.00497653 -0.00581648 0.0236047 0.0222366 -0.775683 -0.703971 -0.353424 -0.348163 1.14605 1.03059 0.563041 0.568652 -0.000599024 -7.07566e-05 0.0873915 -0.00503014 -0.0284643 0.00359703 0.999576
0.052 0.0859597 -0.0050603 -0.00584914 0.0246049 0.0230552 -0.827828 -0.756893 -0.390829 -0.384221 1.20607 1.09414 0.612606 0.617235 -0.000701496 -7.57959e-05 0.0868882 -0.00522069 -0.0315322 0.00386947 0.999482
0.053 0.0978161 -0.00521839 -0.00592823 0.025556 0.0238216 -0.879487 -0.809332 -0.428665 -0.42093 1.26325 1.15475 0.661437 0.66554 -0.000807879 -8.05997e-05 0.0863696 -0.00538941 -0.0345781 0.00414658 0.999379
0.054 0.109608 -0.00546908 -0.00607194 0.0264614 0.024539 -0.930428 -0.861049 -0.466455 -0.457816 1.31748 1.21228 0.708958 0.712981 -0.000917313 -8.5249e-05 0.0858346 -0.00553689 -0.0375612 0.00442747 0.999269
0.055 0.121124 -0.00582839 -0.0062978 0.0273254 0.0252112 -0.980448 -0.911839 -0.503763 -0.494434 1.36871 1.26665 0.754704 0.759064 -0.00102916 -8.98676e-05 0.0852819 -0.0056641 -0.0404452 0.00471133 0.999155
0.056 0.132174 -0.00630898 -0.0066219 0.0281533 0.0258434 -1.02938 -0.961532 -0.540211 -0.530399 1.41698 1.31787 0.798334 0.803409 -0.00114297 -9.46105e-05 0.0847109 -0.00577239 -0.0431995 0.00499746 0.999037
0.057 0.142601 -0.00691931 -0.00705816 0.0289518 0.0264417 -1.07709 -1.00999 -0.5755 -0.565393 1.46233 1.366 0.839631 0.845755 -0.00125848 -9.96514e-05 0.084121 -0.00586345 -0.0457997 0.00528534 0.998919
0.058 0.152287 -0.00766321 -0.00761774 0.0297286 0.0270135 -1.12347 -1.05712 -0.609406 -0.599179 1.50488 1.41112 0.87849 0.885951 -0.00137552 -0.000105169 0.0835121 -0.00593917 -0.0482278 0.00557459 0.998803
0.059 0.161144 -0.00853989 -0.0083086 0.0304926 0.0275673 -1.16845 -1.10284 -0.641781 -0.63159 1.54475 1.45337 0.914894 0.923939 -0.00149399 -0.000111334 0.0828844 -0.0060016 -0.0504713 0.00586499 0.99869
0.06 0.169119 -0.00954443 -0.00913524 0.0312536 0.0281126 -1.21199 -1.1471 -0.672538 -0.662525 1.58208 1.49287 0.948896 0.959733 -0.00161385 -0.000118303 0.0822382 -0.0060528 -0.0525233 0.00615646 0.998582
0.061 0.175932 -0.0107497 -0.0101824 0.0311551 0.0283295 -1.25397 -1.18994 -0.701044 -0.691564 1.5962 1.52984 0.980509 0.993154 -0.00173471 -0.000126614 0.0815742 -0.00605553 -0.0543778 0.00644828 0.998481
0.062 0.181966 -0.0122472 -0.0113254 0.0311745 0.0286636 -1.29435 -1.23139 -0.728111 -0.719183 1.60635 1.56434 1.01018 1.02465 -0.00185369 -0.00013602 0.0808942 -0.00607325 -0.0560704 0.00673541 0.998386
0.063 0.187259 -0.0140039 -0.0125352 0.0313419 0.0291413 -1.3331 -1.27147 -0.753813 -0.745409 1.61227 1.5965 1.03808 1.05434 -0.00196991 -0.000146561 0.0801991 -0.00611485 -0.0576111 0.00701822 0.998296
0.064 0.191407 -0.0161718 -0.0139797 0.029227 0.0292571 -1.37001 -1.3104 -0.776888 -0.769552 1.60862 1.60946 1.06469 1.0818 -0.00208179 -0.000159351 0.0794901 -0.00609294 -0.0590166 0.00729494 0.998212
0.065 0.195178 -0.0185423 -0.0155779 0.0273858 0.0296315 -1.40534 -1.348 -0.799102 -0.792688 1.59871 1.61885 1.09015 1.10796 -0.00218413 -0.000173695 0.0787696 -0.00612375 -0.060358 0.00756615 0.998129
0.066 0.198709 -0.0210441 -0.0172685 0.0258821 0.030316 -1.43901 -1.38433 -0.820644 -0.814918 1.58134 1.62448 1.1147 1.13298 -0.00227402 -0.000189468 0.0780384 -0.00622695 -0.0616723 0.00783228 0.998046
0.067 0.202188 -0.0235776 -0.0189651 0.0248049 0.0313863 -1.4709 -1.41946 -0.841757 -0.836364 1.55473 1.62604 1.13862 1.15698 -0.00234769 -0.000206412 0.0772976 -0.00643069 -0.0630107 0.00809309 0.997959
0.068 0.205872 -0.0259945 -0.0205417 0.0242852 0.0329586 -1.50077 -1.45352 -0.862761 -0.857166 1.5161 1.6231 1.16226 1.18013 -0.00239994 -0.000224049 0.076548 -0.00677744 -0.0644451 0.00834725 0.997863
0.069 0.210137 -0.0280579 -0.0218028 0.0245293 0.0352229 -1.52813 -1.48673 -0.88411 -0.877497 1.46087 1.61505 1.18604 1.20256 -0.00242323 -0.000241497 0.075791 -0.00733503 -0.066083 0.00859166 0.99775
0.07 0.215569 -0.0293617 -0.0224242 0.0258849 0.0385093 -1.55186 -1.51942 -0.906506 -0.897577 1.38088 1.60093 1.21064 1.22442 -0.00240572 -0.000257039 0.075028 -0.00821862 -0.068095 0.00881975 0.997606
0.071 0.223168 -0.0291645 -0.0218223 0.0289854 0.0434328 -1.56912 -1.55218 -0.931134 -0.917719 1.26008 1.57923 1.23713 1.24588 -0.0023271 -0.000267085 0.0742614 -0.00963733 -0.0707736 0.00901764 0.997405
0.072 0.234795 -0.0260463 -0.0188568 0.0350728 0.0512289 -1.57174 -1.58612 -0.96021 -0.938437 1.06188 1.54732 1.26747 1.26711 -0.00214847 -0.000263436 0.0734962 -0.0119962 -0.0746645 0.00915412 0.997095
0.073 0.254044 -0.0174024 -0.011252 0.0465767 0.0644032 -1.53016 -1.59268 -0.998044 -0.960779 0.68379 1.46907 1.30554 1.28854 -0.00178753 -0.000226274 0.0727462 -0.0160647 -0.080802 0.00915357 0.996559
0.074 0.283006 -0.00308627 0.00166744 0.0633483 0.0835845 -1.31068 -1.5941 -1.04583 -0.987483 -0.225791 1.35637 1.35308 1.31315 -0.00113977 -0.000133835 0.0720461 -0.0216807 -0.0897565 0.00890412 0.995688
0.075 0.306432 0.000257714 0.00870457 0.0785703 0.101707 -1.97907 -1.59591 -1.08059 -0.990569 1.12807 1.2232 1.37633 1.30946 -0.00123423 -9.34382e-05 0.0708713 -0.0298676 -0.0998004 0.0101012 0.994508
0.076 0.532247 0.153203 0.169568 0.269298 0.298814 -0.89171 -1.72445 -1.34008 -0.990584 -3.47375 0.866474 1.59403 1.2517 0.00256853 0.00143054 0.0702681 -0.0906637 -0.171993 0.00555032 0.980902
0.077 0.925324 -0.945892 0.152032 0.12067 0.759236 6.90771 -1.70025 -1.73365 -1.14138 -1.62629 0.0828618 1.61245 1.2979 0.0128994 0.0047425 0.0742663 -0.146634 -0.273638 0.00888113 0.950548
0.078 -326.347 11247.6 540.62 -699.776 229.823 7626.93 3046.82 -63.9819 915.752 69050.4 -5799.89 -3050.14 -489.447 3.30226 2.77625 -1.24888 -0.790644 0.361265 -0.494289 -0.00697584
