0 0 0 0 0 0 0 0 0 0 0 0 0 0 0 0 0.2 0 0 0 1
0.001 6.35813e-19 1.57983e-20 -3.02298e-21 -4.32346e-20 1.89946e-20 5.98816e-19 5.28823e-19 -1.10914e-18 -1.13955e-18 2.57563e-18 2.66914e-18 8.57721e-19 9.18386e-19 -1.6341e-20 -1.64959e-22 0.19999 6.10617e-21 -1.01862e-19 3.4543e-22 1
0.002 2.37157e-11 -1.56752e-13 -1.5711e-13 -9.05696e-14 -9.01471e-14 -5.31265e-11 -5.33315e-11 -5.64377e-11 -5.66567e-11 5.30304e-11 5.34404e-11 5.96721e-11 6.00831e-11 2.41002e-13 -2.52053e-16 0.199971 7.08383e-14 -4.12259e-12 -2.32772e-15 1
0.003 1.41236e-10 -9.3364e-13 -9.3576e-13 -5.35877e-13 -5.33372e-13 -3.17546e-10 -3.18762e-10 -3.36712e-10 -3.38011e-10 3.16492e-10 3.18923e-10 3.55754e-10 3.58191e-10 1.44751e-12 -1.49499e-15 0.199941 4.211e-13 -2.45632e-11 -1.39442e-14 1
0.004 4.66957e-10 -3.08733e-12 -3.0943e-12 -1.75899e-12 -1.75075e-12 -1.0541e-09 -1.0581e-09 -1.11545e-09 -1.11973e-09 1.04885e-09 1.05685e-09 1.17762e-09 1.18564e-09 4.83029e-12 -4.92361e-15 0.199902 1.38947e-12 -8.12527e-11 -4.64015e-14 1
0.005 1.1576e-09 -7.65517e-12 -7.67236e-12 -4.32793e-12 -4.30759e-12 -2.62402e-09 -2.63389e-09 -2.77097e-09 -2.78153e-09 2.60649e-09 2.62623e-09 2.92308e-09 2.94286e-09 1.2089e-11 -1.21596e-14 0.199853 3.43751e-12 -2.01534e-10 -1.15804e-13 1
0.006 2.41034e-09 -1.59433e-11 -1.59789e-11 -8.94232e-12 -8.90019e-12 -5.48679e-09 -5.50723e-09 -5.78188e-09 -5.80377e-09 5.44067e-09 5.48156e-09 6.09441e-09 6.13539e-09 2.54146e-11 -2.5224e-14 0.199794 7.14273e-12 -4.1985e-10 -2.42771e-13 1
0.007 4.46098e-09 -2.95153e-11 -2.95808e-11 -1.64208e-11 -1.63432e-11 -1.0198e-08 -1.02357e-08 -1.07239e-08 -1.07642e-08 1.00946e-08 1.01699e-08 1.12946e-08 1.137e-08 4.7492e-11 -4.65116e-14 0.199725 1.31921e-11 -7.77449e-10 -4.52407e-13 1
0.008 7.5822e-09 -5.01818e-11 -5.02925e-11 -2.76891e-11 -2.75578e-11 -1.74076e-08 -1.74712e-08 -1.82668e-08 -1.8335e-08 1.72008e-08 1.73282e-08 1.92236e-08 1.93512e-08 8.1502e-11 -7.8766e-14 0.199647 2.2376e-11 -1.32209e-09 -7.74269e-13 1
0.009 1.2082e-08 -7.99902e-11 -8.01657e-11 -4.37681e-11 -4.35599e-11 -2.78575e-08 -2.79584e-08 -2.91713e-08 -2.92796e-08 2.74783e-08 2.76802e-08 3.06753e-08 3.08776e-08 1.31124e-10 -1.25057e-13 0.199559 3.55822e-11 -2.10779e-09 -1.24234e-12 1
0.01 1.83019e-08 -1.21215e-10 -1.2148e-10 -6.57636e-11 -6.54497e-11 -4.23804e-08 -4.25325e-08 -4.42869e-08 -4.44502e-08 4.173e-08 4.20343e-08 4.65339e-08 4.6839e-08 2.00537e-10 -1.88759e-13 0.19946 5.37901e-11 -3.19451e-09 -1.89501e-12 1
0.011 2.66157e-08 -1.76351e-10 -1.76733e-10 -9.48553e-11 -9.4401e-11 -6.18975e-08 -6.21175e-08 -6.45483e-08 -6.47848e-08 6.08405e-08 6.1281e-08 6.77713e-08 6.82127e-08 2.94423e-10 -2.7353e-13 0.199353 7.8066e-11 -4.64797e-09 -2.77505e-12 1
0.012 3.7428e-08 -2.481e-10 -2.48635e-10 -1.32287e-10 -1.31651e-10 -8.74171e-08 -8.77249e-08 -9.09739e-08 -9.1305e-08 8.57737e-08 8.63901e-08 9.54438e-08 9.60615e-08 4.17967e-10 -3.83292e-13 0.199235 1.09558e-10 -6.53936e-09 -3.92958e-12 1
0.013 5.11723e-08 -3.39369e-10 -3.40097e-10 -1.79358e-10 -1.78493e-10 -1.20033e-07 -1.20452e-07 -1.24663e-07 -1.25113e-07 1.1757e-07 1.18409e-07 1.3069e-07 1.3153e-07 5.76864e-10 -5.22215e-13 0.199107 1.4949e-10 -8.94509e-09 -5.4101e-12 1
0.014 6.83105e-08 -4.53259e-10 -4.54225e-10 -2.37413e-10 -2.36263e-10 -1.60923e-07 -1.6148e-07 -1.66792e-07 -1.67391e-07 1.57346e-07 1.5846e-07 1.74726e-07 1.75842e-07 7.77312e-10 -6.94695e-13 0.19897 1.9916e-10 -1.19466e-08 -7.27241e-12 1
0.015 8.9331e-08 -5.93057e-10 -5.94314e-10 -3.07832e-10 -3.06335e-10 -2.11348e-07 -2.12072e-07 -2.18616e-07 -2.19396e-07 2.06289e-07 2.0774e-07 2.28848e-07 2.30301e-07 1.02602e-09 -9.05345e-13 0.198823 2.59932e-10 -1.56302e-08 -9.57665e-12 1
0.016 1.14748e-07 -7.62234e-10 -7.6384e-10 -3.92026e-10 -3.90111e-10 -2.72649e-07 -2.73574e-07 -2.81463e-07 -2.82461e-07 2.65659e-07 2.67513e-07 2.94423e-07 2.9628e-07 1.33022e-09 -1.15897e-12 0.198666 3.33236e-10 -2.00867e-08 -1.23873e-11 1
0.017 1.45099e-07 -9.64434e-10 -9.66454e-10 -4.91426e-10 -4.89015e-10 -3.46247e-07 -3.47411e-07 -3.56734e-07 -3.57991e-07 3.36784e-07 3.39118e-07 3.72893e-07 3.75231e-07 1.69763e-09 -1.46057e-12 0.198499 4.20561e-10 -2.54113e-08 -1.57731e-11 1
0.018 1.80945e-07 -1.20347e-09 -1.20598e-09 -6.07476e-10 -6.04483e-10 -4.33643e-07 -4.35087e-07 -4.459e-07 -4.47461e-07 4.21059e-07 4.23956e-07 4.6577e-07 4.68671e-07 2.13651e-09 -1.81529e-12 0.198322 5.23453e-10 -3.17035e-08 -1.98071e-11 1
0.019 2.22871e-07 -1.48333e-09 -1.4864e-09 -7.41626e-10 -7.37955e-10 -5.36414e-07 -5.38184e-07 -5.50502e-07 -5.52417e-07 5.19944e-07 5.23496e-07 5.74632e-07 5.7819e-07 2.65563e-09 -2.22847e-12 0.198136 6.43511e-10 -3.90666e-08 -2.45667e-11 1
0.02 2.71481e-07 -1.80813e-09 -1.81185e-09 -8.95325e-10 -8.90873e-10 -6.56213e-07 -6.58359e-07 -6.72146e-07 -6.74469e-07 6.34965e-07 6.39271e-07 7.01126e-07 7.0544e-07 3.26426e-09 -2.70556e-12 0.19794 7.82384e-10 -4.76081e-08 -3.01337e-11 1
0.021 3.27399e-07 -2.18218e-09 -2.18664e-09 -1.07001e-09 -1.06467e-09 -7.94769e-07 -7.97344e-07 -8.12505e-07 -8.15296e-07 7.67706e-07 7.72876e-07 8.46962e-07 8.52141e-07 3.97223e-09 -3.25215e-12 0.197734 9.41766e-10 -5.74389e-08 -3.65939e-11 1
0.022 3.91269e-07 -2.60991e-09 -2.61522e-09 -1.26712e-09 -1.26076e-09 -9.53886e-07 -9.56948e-07 -9.73317e-07 -9.76639e-07 9.19815e-07 9.25966e-07 1.01391e-06 1.02008e-06 4.78984e-09 -3.87398e-12 0.197518 1.1234e-09 -6.86733e-08 -4.40378e-11 1
0.023 4.63753e-07 -3.09591e-09 -3.10217e-09 -1.48805e-09 -1.48054e-09 -1.13544e-06 -1.13905e-06 -1.15638e-06 -1.1603e-06 1.093e-06 1.10026e-06 1.20382e-06 1.21109e-06 5.72796e-09 -4.57687e-12 0.197292 1.32906e-09 -8.14292e-08 -5.256e-11 1
0.024 5.4553e-07 -3.64491e-09 -3.65224e-09 -1.73419e-09 -1.72539e-09 -1.34138e-06 -1.34561e-06 -1.36356e-06 -1.36815e-06 1.28902e-06 1.29752e-06 1.41857e-06 1.42708e-06 6.79794e-09 -5.36676e-12 0.197057 1.56057e-09 -9.58274e-08 -6.22594e-11 1
0.025 6.37297e-07 -4.26176e-09 -4.27029e-09 -2.00688e-09 -1.99664e-09 -1.57372e-06 -1.57864e-06 -1.59676e-06 -1.60211e-06 1.50969e-06 1.51958e-06 1.66012e-06 1.67002e-06 8.01171e-09 -6.24968e-12 0.196812 1.81978e-09 -1.11992e-07 -7.32395e-11 1
0.026 7.39763e-07 -4.95148e-09 -4.96133e-09 -2.30744e-09 -2.2956e-09 -1.83456e-06 -1.84024e-06 -1.85799e-06 -1.86417e-06 1.7569e-06 1.76833e-06 1.93047e-06 1.94192e-06 9.38167e-09 -7.23176e-12 0.196557 2.10857e-09 -1.3005e-07 -8.56079e-11 1
0.027 8.53656e-07 -5.7192e-09 -5.7305e-09 -2.63713e-09 -2.62352e-09 -2.12606e-06 -2.13258e-06 -2.14925e-06 -2.15636e-06 2.03257e-06 2.04569e-06 2.23171e-06 2.24486e-06 1.09208e-08 -8.31918e-12 0.196292 2.42888e-09 -1.50131e-07 -9.94767e-11 1
0.028 9.79716e-07 -6.57016e-09 -6.58308e-09 -2.99717e-09 -2.9816e-09 -2.45044e-06 -2.45789e-06 -2.47267e-06 -2.48079e-06 2.33867e-06 2.35367e-06 2.56594e-06 2.58097e-06 1.26426e-08 -9.51822e-12 0.196017 2.78264e-09 -1.72367e-07 -1.14962e-10 1
0.029 1.1187e-06 -7.50977e-09 -7.52445e-09 -3.38873e-09 -3.37102e-09 -2.81e-06 -2.81847e-06 -2.83037e-06 -2.83961e-06 2.67725e-06 2.69431e-06 2.93535e-06 2.95243e-06 1.4561e-08 -1.08352e-11 0.195733 3.17182e-09 -1.96893e-07 -1.32186e-10 1
0.03 1.27136e-06 -8.54354e-09 -8.56014e-09 -3.81291e-09 -3.79287e-09 -3.20711e-06 -3.21669e-06 -3.22456e-06 -3.23503e-06 3.05037e-06 3.06968e-06 3.34216e-06 3.36149e-06 1.66907e-08 -1.22765e-11 0.195438 3.59843e-09 -2.23846e-07 -1.51273e-10 1
0.031 1.4385e-06 -9.67708e-09 -9.69578e-09 -4.27077e-09 -4.24818e-09 -3.64421e-06 -3.65499e-06 -3.65751e-06 -3.66931e-06 3.46018e-06 3.48194e-06 3.78865e-06 3.81043e-06 1.90467e-08 -1.38487e-11 0.195134 4.06449e-09 -2.53365e-07 -1.72353e-10 1
0.032 1.62089e-06 -1.09162e-08 -1.09371e-08 -4.76329e-09 -4.73792e-09 -4.12378e-06 -4.13588e-06 -4.13151e-06 -4.14476e-06 3.90885e-06 3.93327e-06 4.27715e-06 4.30159e-06 2.16446e-08 -1.5558e-11 0.19482 4.57205e-09 -2.85591e-07 -1.9556e-10 1
0.033 1.81934e-06 -1.22667e-08 -1.22901e-08 -5.29136e-09 -5.26298e-09 -4.6484e-06 -4.66192e-06 -4.64894e-06 -4.66375e-06 4.39861e-06 4.4259e-06 4.81003e-06 4.83735e-06 2.45007e-08 -1.74112e-11 0.194497 5.12315e-09 -3.20669e-07 -2.21034e-10 1
0.034 2.03465e-06 -1.37346e-08 -1.37607e-08 -5.85582e-09 -5.8242e-09 -5.2207e-06 -5.23575e-06 -5.21219e-06 -5.2287e-06 4.93173e-06 4.96213e-06 5.38974e-06 5.42017e-06 2.76316e-08 -1.94148e-11 0.194163 5.71989e-09 -3.58743e-07 -2.48918e-10 1
0.035 2.26766e-06 -1.5326e-08 -1.53549e-08 -6.45742e-09 -6.4223e-09 -5.84337e-06 -5.86006e-06 -5.82374e-06 -5.84207e-06 5.51051e-06 5.54426e-06 6.01875e-06 6.05252e-06 3.10546e-08 -2.15754e-11 0.19382 6.36436e-09 -3.99961e-07 -2.7936e-10 1
0.036 2.51918e-06 -1.70471e-08 -1.70791e-08 -7.09683e-09 -7.05795e-09 -6.51917e-06 -6.53763e-06 -6.48609e-06 -6.50638e-06 6.13733e-06 6.17468e-06 6.69958e-06 6.73695e-06 3.47875e-08 -2.38995e-11 0.193467 7.05867e-09 -4.44472e-07 -3.12512e-10 1
0.037 2.79006e-06 -1.89043e-08 -1.89396e-08 -7.77463e-09 -7.7317e-09 -7.25093e-06 -7.27128e-06 -7.20181e-06 -7.2242e-06 6.81459e-06 6.85579e-06 7.4348e-06 7.47602e-06 3.88486e-08 -2.63939e-11 0.193104 7.80494e-09 -4.92425e-07 -3.48533e-10 1
0.038 3.08115e-06 -2.09039e-08 -2.09427e-08 -8.49129e-09 -8.44404e-09 -8.04153e-06 -8.06391e-06 -7.9735e-06 -7.99814e-06 7.54472e-06 7.59004e-06 8.22703e-06 8.27238e-06 4.32568e-08 -2.90652e-11 0.192731 8.60533e-09 -5.43973e-07 -3.87584e-10 1
0.039 3.39329e-06 -2.30526e-08 -2.30952e-08 -9.24721e-09 -9.19534e-09 -8.89393e-06 -8.91846e-06 -8.80382e-06 -8.83086e-06 8.33023e-06 8.37995e-06 9.07894e-06 9.12869e-06 4.80317e-08 -3.19202e-11 0.192348 9.46196e-09 -5.99269e-07 -4.29832e-10 1
0.04 3.72736e-06 -2.53571e-08 -2.54036e-08 -1.00427e-08 -9.98588e-09 -9.81114e-06 -9.83797e-06 -9.69547e-06 -9.72507e-06 9.17362e-06 9.22803e-06 9.99323e-06 1.00477e-05 5.31931e-08 -3.49654e-11 0.191956 1.0377e-08 -6.58468e-07 -4.75448e-10 1
0.041 4.08421e-06 -2.7824e-08 -2.78748e-08 -1.08779e-08 -1.08158e-08 -1.07962e-05 -1.08255e-05 -1.06512e-05 -1.06835e-05 1.00775e-05 1.01369e-05 1.09727e-05 1.10321e-05 5.87616e-08 -3.82076e-11 0.191554 1.13526e-08 -7.21725e-07 -5.24611e-10 1
0.042 4.46472e-06 -3.04603e-08 -3.05156e-08 -1.17529e-08 -1.16853e-08 -1.18524e-05 -1.18842e-05 -1.16738e-05 -1.1709e-05 1.10444e-05 1.11091e-05 1.202e-05 1.20847e-05 6.47584e-08 -4.16536e-11 0.191142 1.2391e-08 -7.89198e-07 -5.775e-10 1
0.043 4.86977e-06 -3.3273e-08 -3.33331e-08 -1.26676e-08 -1.25941e-08 -1.29828e-05 -1.30173e-05 -1.27661e-05 -1.28044e-05 1.2077e-05 1.21473e-05 1.31382e-05 1.32085e-05 7.12052e-08 -4.531e-11 0.19072 1.34944e-08 -8.61045e-07 -6.34303e-10 1
0.044 5.30025e-06 -3.62692e-08 -3.63343e-08 -1.3622e-08 -1.35422e-08 -1.41906e-05 -1.42281e-05 -1.39311e-05 -1.39726e-05 1.3178e-05 1.32543e-05 1.433e-05 1.44062e-05 7.81241e-08 -4.91835e-11 0.190288 1.46648e-08 -9.37424e-07 -6.95211e-10 1
0.045 5.75705e-06 -3.94561e-08 -3.95265e-08 -1.46157e-08 -1.45293e-08 -1.54793e-05 -1.55199e-05 -1.51715e-05 -1.52165e-05 1.43502e-05 1.44327e-05 1.55984e-05 1.56809e-05 8.5538e-08 -5.3281e-11 0.189847 1.59046e-08 -1.0185e-06 -7.6042e-10 1
0.046 6.24105e-06 -4.2841e-08 -4.29171e-08 -1.56484e-08 -1.5555e-08 -1.68522e-05 -1.6896e-05 -1.64905e-05 -1.65391e-05 1.55961e-05 1.56853e-05 1.69464e-05 1.70355e-05 9.34702e-08 -5.7609e-11 0.189395 1.72159e-08 -1.10442e-06 -8.30133e-10 1
0.047 6.75317e-06 -4.64314e-08 -4.65134e-08 -1.67195e-08 -1.66188e-08 -1.83128e-05 -1.836e-05 -1.7891e-05 -1.79434e-05 1.69188e-05 1.70149e-05 1.83769e-05 1.8473e-05 1.01945e-07 -6.21744e-11 0.188934 1.86009e-08 -1.19536e-06 -9.04555e-10 1
0.048 7.2943e-06 -5.02349e-08 -5.03231e-08 -1.78285e-08 -1.77199e-08 -1.98646e-05 -1.99153e-05 -1.93761e-05 -1.94325e-05 1.83209e-05 1.84243e-05 1.98931e-05 1.99965e-05 1.10986e-07 -6.69837e-11 0.188463 2.00618e-08 -1.29148e-06 -9.83901e-10 1
0.049 7.86534e-06 -5.42591e-08 -5.43538e-08 -1.89744e-08 -1.88576e-08 -2.15111e-05 -2.15656e-05 -2.09489e-05 -2.10095e-05 1.98053e-05 1.99164e-05 2.1498e-05 2.16092e-05 1.20619e-07 -7.20438e-11 0.187983 2.16009e-08 -1.39294e-06 -1.06839e-09 1
0.05 8.46722e-06 -5.85118e-08 -5.86134e-08 -2.01564e-08 -2.00311e-08 -2.32561e-05 -2.33144e-05 -2.26125e-05 -2.26776e-05 2.13749e-05 2.14942e-05 2.31948e-05 2.3314e-05 1.3087e-07 -7.73612e-11 0.187492 2.32203e-08 -1.49989e-06 -1.15823e-09 1
0.051 9.10084e-06 -6.30008e-08 -6.31096e-08 -2.13734e-08 -2.12391e-08 -2.51031e-05 -2.51655e-05 -2.43702e-05 -2.444e-05 2.30327e-05 2.31604e-05 2.49867e-05 2.51143e-05 1.41765e-07 -8.29427e-11 0.186992 2.49222e-08 -1.61252e-06 -1.25367e-09 1
0.052 9.76711e-06 -6.77343e-08 -6.78506e-08 -2.26243e-08 -2.24805e-08 -2.7056e-05 -2.71227e-05 -2.62252e-05 -2.62998e-05 2.47815e-05 2.49182e-05 2.68768e-05 2.70133e-05 1.5333e-07 -8.87948e-11 0.186482 2.67089e-08 -1.73098e-06 -1.35494e-09 1
0.053 1.04669e-05 -7.27204e-08 -7.28446e-08 -2.39077e-08 -2.37539e-08 -2.91185e-05 -2.91897e-05 -2.81807e-05 -2.82604e-05 2.66245e-05 2.67704e-05 2.88684e-05 2.90143e-05 1.65593e-07 -9.49244e-11 0.185962 2.85825e-08 -1.85543e-06 -1.46227e-09 1
0.054 1.12013e-05 -7.79672e-08 -7.80996e-08 -2.5222e-08 -2.50579e-08 -3.12946e-05 -3.13705e-05 -3.02401e-05 -3.03252e-05 2.85645e-05 2.87202e-05 3.09649e-05 3.11205e-05 1.78582e-07 -1.01338e-10 0.185432 3.05452e-08 -1.98604e-06 -1.57591e-09 1
0.055 1.1971e-05 -8.34832e-08 -8.36242e-08 -2.65657e-08 -2.63907e-08 -3.35883e-05 -3.3669e-05 -3.24068e-05 -3.24974e-05 3.06046e-05 3.07705e-05 3.31696e-05 3.33353e-05 1.92326e-07 -1.08042e-10 0.184893 3.25994e-08 -2.12298e-06 -1.69611e-09 1
0.056 1.27771e-05 -8.92769e-08 -8.94269e-08 -2.79369e-08 -2.77505e-08 -3.60034e-05 -3.60893e-05 -3.46841e-05 -3.47805e-05 3.2748e-05 3.29245e-05 3.54859e-05 3.56622e-05 2.06854e-07 -1.15043e-10 0.184343 3.47471e-08 -2.26641e-06 -1.82313e-09 1
0.057 1.36204e-05 -9.53569e-08 -9.55162e-08 -2.93336e-08 -2.91354e-08 -3.85442e-05 -3.86353e-05 -3.70754e-05 -3.71779e-05 3.49976e-05 3.51852e-05 3.79172e-05 3.81045e-05 2.22196e-07 -1.22348e-10 0.183784 3.69905e-08 -2.41649e-06 -1.95723e-09 1
0.058 1.45019e-05 -1.01732e-07 -1.01901e-07 -3.07537e-08 -3.05431e-08 -4.12147e-05 -4.13113e-05 -3.95844e-05 -3.96932e-05 3.73567e-05 3.75558e-05 4.04669e-05 4.06657e-05 2.38382e-07 -1.29963e-10 0.183215 3.93319e-08 -2.57339e-06 -2.09868e-09 1
0.059 1.54226e-05 -1.08411e-07 -1.0859e-07 -3.21949e-08 -3.19715e-08 -4.4019e-05 -4.41214e-05 -4.22145e-05 -4.23299e-05 3.98284e-05 4.00395e-05 4.31387e-05 4.33494e-05 2.55442e-07 -1.37895e-10 0.182636 4.17734e-08 -2.73728e-06 -2.24775e-09 1
0.06 1.63832e-05 -1.15403e-07 -1.15592e-07 -3.36548e-08 -3.34179e-08 -4.69616e-05 -4.70699e-05 -4.49693e-05 -4.50915e-05 4.24159e-05 4.26395e-05 4.5936e-05 4.61591e-05 2.7341e-07 -1.46151e-10 0.182048 4.43172e-08 -2.90832e-06 -2.40474e-09 1
0.061 1.73848e-05 -1.22717e-07 -1.22917e-07 -3.51306e-08 -3.48797e-08 -5.00467e-05 -5.01611e-05 -4.78523e-05 -4.79817e-05 4.51224e-05 4.53589e-05 4.88624e-05 4.90984e-05 2.92316e-07 -1.54736e-10 0.181449 4.69655e-08 -3.08668e-06 -2.56991e-09 1
0.062 1.84282e-05 -1.30362e-07 -1.30574e-07 -3.66195e-08 -3.63541e-08 -5.32786e-05 -5.33994e-05 -5.08674e-05 -5.10041e-05 4.79511e-05 4.8201e-05 5.19215e-05 5.21709e-05 3.12195e-07 -1.63657e-10 0.180841 4.97205e-08 -3.27251e-06 -2.74358e-09 1
0.063 1.95145e-05 -1.38348e-07 -1.38571e-07 -3.81185e-08 -3.7838e-08 -5.66619e-05 -5.67893e-05 -5.4018e-05 -5.41624e-05 5.09052e-05 5.11692e-05 5.51171e-05 5.53804e-05 3.33078e-07 -1.72921e-10 0.180223 5.25844e-08 -3.46599e-06 -2.92604e-09 1
0.064 2.06445e-05 -1.46684e-07 -1.4692e-07 -3.96244e-08 -3.93282e-08 -6.02011e-05 -6.03353e-05 -5.73081e-05 -5.74604e-05 5.39882e-05 5.42666e-05 5.84529e-05 5.87306e-05 3.55001e-07 -1.82534e-10 0.179595 5.55592e-08 -3.66728e-06 -3.11759e-09 1
0.065 2.18191e-05 -1.5538e-07 -1.55628e-07 -4.11337e-08 -4.08212e-08 -6.39007e-05 -6.40419e-05 -6.07414e-05 -6.09019e-05 5.72032e-05 5.74966e-05 6.19325e-05 6.22252e-05 3.77999e-07 -1.92502e-10 0.178957 5.86473e-08 -3.87655e-06 -3.31855e-09 1
0.066 2.30393e-05 -1.64446e-07 -1.64707e-07 -4.2643e-08 -4.23136e-08 -6.77653e-05 -6.79139e-05 -6.43216e-05 -6.44907e-05 6.05536e-05 6.08626e-05 6.55599e-05 6.5868e-05 4.02105e-07 -2.02832e-10 0.17831 6.18506e-08 -4.09394e-06 -3.52925e-09 1
0.067 2.4306e-05 -1.73892e-07 -1.74166e-07 -4.41483e-08 -4.38014e-08 -7.17997e-05 -7.19558e-05 -6.80527e-05 -6.82306e-05 6.40427e-05 6.43679e-05 6.93387e-05 6.96629e-05 4.27358e-07 -2.1353e-10 0.177653 6.51714e-08 -4.31964e-06 -3.75e-09 1
0.068 2.562e-05 -1.83727e-07 -1.84016e-07 -4.56457e-08 -4.52806e-08 -7.60087e-05 -7.61726e-05 -7.19386e-05 -7.21256e-05 6.7674e-05 6.80158e-05 7.32731e-05 7.36137e-05 4.53793e-07 -2.24602e-10 0.176986 6.86118e-08 -4.5538e-06 -3.98116e-09 1
0.069 2.69824e-05 -1.93963e-07 -1.94266e-07 -4.7131e-08 -4.67471e-08 -8.03971e-05 -8.0569e-05 -7.59832e-05 -7.61796e-05 7.14507e-05 7.18098e-05 7.73667e-05 7.77245e-05 4.81447e-07 -2.36055e-10 0.176309 7.2174e-08 -4.79658e-06 -4.22305e-09 1
0.07 2.8394e-05 -2.04609e-07 -2.04927e-07 -4.85997e-08 -4.81964e-08 -8.49697e-05 -8.51499e-05 -8.01905e-05 -8.03967e-05 7.53764e-05 7.57533e-05 8.16237e-05 8.19991e-05 5.10359e-07 -2.47894e-10 0.175622 7.58599e-08 -5.04815e-06 -4.47602e-09 1
0.071 2.98558e-05 -2.15677e-07 -2.1601e-07 -5.00472e-08 -4.96237e-08 -8.97316e-05 -8.99203e-05 -8.45646e-05 -8.47808e-05 7.94545e-05 7.98497e-05 8.60479e-05 8.64416e-05 5.40568e-07 -2.60126e-10 0.174926 7.96719e-08 -5.30866e-06 -4.74045e-09 1
0.072 3.13685e-05 -2.27176e-07 -2.27526e-07 -5.14686e-08 -5.10244e-08 -9.46878e-05 -9.48853e-05 -8.91094e-05 -8.93361e-05 8.36884e-05 8.41026e-05 9.06435e-05 9.1056e-05 5.72111e-07 -2.72757e-10 0.174219 8.3612e-08 -5.57827e-06 -5.01668e-09 1
0.073 3.29333e-05 -2.39119e-07 -2.39485e-07 -5.28589e-08 -5.23931e-08 -9.98434e-05 -0.00010005 -9.38292e-05 -9.40666e-05 8.80815e-05 8.85153e-05 9.54146e-05 9.58465e-05 6.05031e-07 -2.85793e-10 0.173503 8.76822e-08 -5.85715e-06 -5.3051e-09 1
0.074 3.45509e-05 -2.51516e-07 -2.51898e-07 -5.42128e-08 -5.37247e-08 -0.000105204 -0.000105419 -9.87281e-05 -9.89766e-05 9.26373e-05 9.30913e-05 0.000100365 0.000100817 6.39367e-07 -2.99239e-10 0.172777 9.18847e-08 -6.14545e-06 -5.60608e-09 1
0.075 3.62223e-05 -2.64377e-07 -2.64777e-07 -5.55245e-08 -5.50135e-08 -0.000110774 -0.000110999 -0.00010381 -0.00010407 9.73594e-05 9.78343e-05 0.0001055 0.000105972 6.75161e-07 -3.13103e-10 0.172041 9.62216e-08 -6.44333e-06 -5.92001e-09 1
0.076 3.79483e-05 -2.77716e-07 -2.78134e-07 -5.67885e-08 -5.62538e-08 -0.000116559 -0.000116794 -0.00010908 -0.000109352 0.000102251 0.000102748 0.000110822 0.000111316 7.12454e-07 -3.27389e-10 0.171296 1.00695e-07 -6.75095e-06 -6.24729e-09 1
0.077 3.97298e-05 -2.91543e-07 -2.91979e-07 -5.79986e-08 -5.74394e-08 -0.000122564 -0.00012281 -0.000114542 -0.000114825 0.000107316 0.000107835 0.000116337 0.000116852 7.5129e-07 -3.42104e-10 0.17054 1.05307e-07 -7.06845e-06 -6.58833e-09 1
0.078 4.15678e-05 -3.0587e-07 -3.06325e-07 -5.91485e-08 -5.85641e-08 -0.000128796 -0.000129052 -0.000120199 -0.000120495 0.000112558 0.0001131 0.000122048 0.000122586 7.91712e-07 -3.57253e-10 0.169775 1.10059e-07 -7.396e-06 -6.94354e-09 1
0.079 4.34631e-05 -3.2071e-07 -3.21184e-07 -6.02317e-08 -5.96213e-08 -0.000135259 -0.000135525 -0.000126058 -0.000126366 0.000117981 0.000118545 0.00012796 0.000128521 8.33764e-07 -3.72842e-10 0.169 1.14954e-07 -7.73375e-06 -7.31334e-09 1
0.08 4.54167e-05 -3.36074e-07 -3.36568e-07 -6.12414e-08 -6.06042e-08 -0.000141959 -0.000142236 -0.000132121 -0.000132443 0.000123587 0.000124176 0.000134077 0.000134662 8.77491e-07 -3.88877e-10 0.168215 1.19993e-07 -8.08185e-06 -7.69817e-09 1
0.081 4.74293e-05 -3.51975e-07 -3.5249e-07 -6.21705e-08 -6.15057e-08 -0.000148902 -0.00014919 -0.000138393 -0.000138729 0.000129381 0.000129994 0.000140404 0.000141014 9.22939e-07 -4.05364e-10 0.167421 1.2518e-07 -8.44044e-06 -8.09845e-09 1
0.082 4.95018e-05 -3.68426e-07 -3.68962e-07 -6.30117e-08 -6.23184e-08 -0.000156093 -0.000156393 -0.00014488 -0.000145229 0.000135365 0.000136004 0.000146945 0.00014758 9.70154e-07 -4.22308e-10 0.166616 1.30514e-07 -8.80969e-06 -8.51466e-09 1
0.083 5.16352e-05 -3.85439e-07 -3.85997e-07 -6.37573e-08 -6.30346e-08 -0.000163539 -0.00016385 -0.000151585 -0.000151949 0.000141545 0.00014221 0.000153705 0.000154366 1.01918e-06 -4.39714e-10 0.165802 1.36e-07 -9.18973e-06 -8.94724e-09 1
0.084 5.38303e-05 -4.03028e-07 -4.03607e-07 -6.43994e-08 -6.36466e-08 -0.000171245 -0.000171568 -0.000158513 -0.000158891 0.000147923 0.000148615 0.000160688 0.000161375 1.07007e-06 -4.57587e-10 0.164978 1.41638e-07 -9.58072e-06 -9.39666e-09 1
0.085 5.60879e-05 -4.21205e-07 -4.21807e-07 -6.49298e-08 -6.4146e-08 -0.000179217 -0.000179552 -0.000165669 -0.000166062 0.000154502 0.000155222 0.000167899 0.000168613 1.12288e-06 -4.75934e-10 0.164144 1.47431e-07 -9.9828e-06 -9.8634e-09 1
0.086 5.84089e-05 -4.39985e-07 -4.4061e-07 -6.53401e-08 -6.45244e-08 -0.000187461 -0.000187809 -0.000173057 -0.000173465 0.000161287 0.000162035 0.000175343 0.000176085 1.17764e-06 -4.94759e-10 0.163301 1.5338e-07 -1.03961e-05 -1.0348e-08 1
0.087 6.07941e-05 -4.5938e-07 -4.6003e-07 -6.56214e-08 -6.47729e-08 -0.000195983 -0.000196344 -0.000180682 -0.000181106 0.000168281 0.000169058 0.000183024 0.000183794 1.23441e-06 -5.14068e-10 0.162447 1.59489e-07 -1.08208e-05 -1.08508e-08 1
0.088 6.32445e-05 -4.79406e-07 -4.8008e-07 -6.57647e-08 -6.48824e-08 -0.00020479 -0.000205164 -0.000188549 -0.00018899 0.000175488 0.000176295 0.000190947 0.000191747 1.29325e-06 -5.33864e-10 0.161584 1.65757e-07 -1.1257e-05 -1.13725e-08 1
0.089 6.57607e-05 -5.00076e-07 -5.00776e-07 -6.57605e-08 -6.48435e-08 -0.000213887 -0.000214275 -0.000196663 -0.00019712 0.000182911 0.000183748 0.000199117 0.000199946 1.35419e-06 -5.54155e-10 0.160711 1.72188e-07 -1.17049e-05 -1.19135e-08 1
0.09 6.83437e-05 -5.21405e-07 -5.2213e-07 -6.55991e-08 -6.46465e-08 -0.000223282 -0.000223683 -0.000205028 -0.000205502 0.000190554 0.000191423 0.000207538 0.000208399 1.41731e-06 -5.74943e-10 0.159828 1.78784e-07 -1.21645e-05 -1.24744e-08 1
0.091 7.09943e-05 -5.43408e-07 -5.44159e-07 -6.52705e-08 -6.42813e-08 -0.00023298 -0.000233395 -0.00021365 -0.000214142 0.00019842 0.000199321 0.000216216 0.000217108 1.48264e-06 -5.96234e-10 0.158935 1.85546e-07 -1.26361e-05 -1.30557e-08 1
0.092 7.37133e-05 -5.66098e-07 -5.66877e-07 -6.47643e-08 -6.37375e-08 -0.000242988 -0.000243417 -0.000222533 -0.000223043 0.000206514 0.000207448 0.000225155 0.00022608 1.55025e-06 -6.18032e-10 0.158032 1.92476e-07 -1.31198e-05 -1.3658e-08 1
0.093 7.65015e-05 -5.89493e-07 -5.90299e-07 -6.40696e-08 -6.30042e-08 -0.000253312 -0.000253757 -0.000231682 -0.00023221 0.000214838 0.000215806 0.000234361 0.000235319 1.62018e-06 -6.40342e-10 0.15712 1.99576e-07 -1.36156e-05 -1.42818e-08 1
0.094 7.93597e-05 -6.13607e-07 -6.14442e-07 -6.31755e-08 -6.20705e-08 -0.00026396 -0.000264419 -0.000241103 -0.00024165 0.000223397 0.000224399 0.000243839 0.00024483 1.6925e-06 -6.63169e-10 0.156198 2.06848e-07 -1.41238e-05 -1.49277e-08 1
0.095 8.22886e-05 -6.38457e-07 -6.3932e-07 -6.20705e-08 -6.09248e-08 -0.000274938 -0.000275412 -0.000250801 -0.000251367 0.000232193 0.00023323 0.000253593 0.000254619 1.76726e-06 -6.86515e-10 0.155266 2.14295e-07 -1.46444e-05 -1.55963e-08 1
0.096 8.52892e-05 -6.64058e-07 -6.6495e-07 -6.07428e-08 -5.95554e-08 -0.000286252 -0.000286742 -0.00026078 -0.000261366 0.000241231 0.000242304 0.000263629 0.00026469 1.84452e-06 -7.10385e-10 0.154324 2.21916e-07 -1.51775e-05 -1.62882e-08 1
0.097 8.83622e-05 -6.90427e-07 -6.91349e-07 -5.91803e-08 -5.79501e-08 -0.000297911 -0.000298416 -0.000271046 -0.000271652 0.000250513 0.000251624 0.000273952 0.000275049 1.92434e-06 -7.34784e-10 0.153373 2.29716e-07 -1.57234e-05 -1.7004e-08 1
0.098 9.15083e-05 -7.1758e-07 -7.18534e-07 -5.73704e-08 -5.60963e-08 -0.00030992 -0.000310442 -0.000281604 -0.000282231 0.000260045 0.000261193 0.000284567 0.000285701 2.00677e-06 -7.59714e-10 0.152411 2.37695e-07 -1.62821e-05 -1.77443e-08 1
0.099 9.47283e-05 -7.45535e-07 -7.46521e-07 -5.53001e-08 -5.3981e-08 -0.000322287 -0.000322825 -0.00029246 -0.000293107 0.000269828 0.000271015 0.000295479 0.000296652 2.09189e-06 -7.85179e-10 0.15144 2.45855e-07 -1.68538e-05 -1.85098e-08 1
0.1 9.8023e-05 -7.7431e-07 -7.75327e-07 -5.29561e-08 -5.15908e-08 -0.000335019 -0.000335574 -0.000303618 -0.000304287 0.000279867 0.000281094 0.000306694 0.000307905 2.17974e-06 -8.11182e-10 0.150459 2.54199e-07 -1.74385e-05 -1.93012e-08 1
0.101 0.000101393 -8.03921e-07 -8.04971e-07 -5.03247e-08 -4.89122e-08 -0.000348123 -0.000348695 -0.000315085 -0.000315775 0.000290165 0.000291433 0.000318218 0.000319468 2.27039e-06 -8.37726e-10 0.149468 2.62727e-07 -1.80363e-05 -2.0119e-08 1
0.102 0.000104839 -8.34388e-07 -8.35471e-07 -4.73918e-08 -4.59308e-08 -0.000361607 -0.000362196 -0.000326865 -0.000327577 0.000300725 0.000302035 0.000330055 0.000331346 2.36391e-06 -8.64815e-10 0.148467 2.71441e-07 -1.86475e-05 -2.0964e-08 1
0.103 0.000108362 -8.65728e-07 -8.66845e-07 -4.41427e-08 -4.26321e-08 -0.000375478 -0.000376085 -0.000338964 -0.000339699 0.000311552 0.000312904 0.000342211 0.000343543 2.46035e-06 -8.92449e-10 0.147457 2.80345e-07 -1.9272e-05 -2.18369e-08 1
0.104 0.000111963 -8.9796e-07 -8.99113e-07 -4.05625e-08 -3.9001e-08 -0.000389744 -0.000390368 -0.000351387 -0.000352146 0.000322648 0.000324043 0.000354692 0.000356066 2.55979e-06 -9.20633e-10 0.146437 2.89438e-07 -1.991e-05 -2.27383e-08 1
0.105 0.000115642 -9.31104e-07 -9.32292e-07 -3.66358e-08 -3.50222e-08 -0.000404412 -0.000405054 -0.000364141 -0.000364923 0.000334017 0.000335456 0.000367503 0.00036892 2.66229e-06 -9.49368e-10 0.145407 2.98723e-07 -2.05616e-05 -2.36691e-08 1
0.106 0.0001194 -9.65179e-07 -9.66403e-07 -3.23466e-08 -3.06796e-08 -0.00041949 -0.000420151 -0.00037723 -0.000378037 0.000345661 0.000347146 0.00038065 0.000382111 2.76792e-06 -9.78655e-10 0.144367 3.08202e-07 -2.1227e-05 -2.46299e-08 1
0.107 0.000123238 -1.0002e-06 -1.00147e-06 -2.76787e-08 -2.5957e-08 -0.000434985 -0.000435665 -0.000390661 -0.000391493 0.000357586 0.000359116 0.000394138 0.000395644 2.87674e-06 -1.0085e-09 0.143317 3.17877e-07 -2.19061e-05 -2.56215e-08 1
0.108 0.000127156 -1.0362e-06 -1.0375e-06 -2.26151e-08 -2.08375e-08 -0.000450907 -0.000451606 -0.000404439 -0.000405296 0.000369793 0.00037137 0.000407974 0.000409525 2.98883e-06 -1.03889e-09 0.142257 3.27748e-07 -2.2599e-05 -2.66447e-08 1
0.109 0.000131156 -1.07319e-06 -1.07453e-06 -1.71386e-08 -1.53038e-08 -0.000467262 -0.000467981 -0.00041857 -0.000419452 0.000382286 0.000383912 0.000422163 0.000423761 3.10425e-06 -1.06984e-09 0.141188 3.37818e-07 -2.3306e-05 -2.77002e-08 1
0.11 0.000135237 -1.11119e-06 -1.11257e-06 -1.12314e-08 -9.33798e-09 -0.00048406 -0.000484798 -0.000433059 -0.000433968 0.000395068 0.000396743 0.000436712 0.000438357 3.22308e-06 -1.10135e-09 0.140109 3.48088e-07 -2.4027e-05 -2.87889e-08 1
0.111 0.0001394 -1.15023e-06 -1.15165e-06 -4.87526e-09 -2.92184e-09 -0.000501307 -0.000502065 -0.000447913 -0.000448849 0.000408143 0.000409868 0.000451625 0.000453318 3.34539e-06 -1.13342e-09 0.13902 3.58561e-07 -2.47622e-05 -2.99116e-08 1
0.112 0.000143646 -1.19033e-06 -1.19179e-06 1.94868e-09 3.96347e-09 -0.000519013 -0.000519791 -0.000463138 -0.000464101 0.000421513 0.000423289 0.000466909 0.000468652 3.47125e-06 -1.16604e-09 0.137921 3.69237e-07 -2.55115e-05 -3.10691e-08 1
0.113 0.000147976 -1.2315e-06 -1.233e-06 9.25975e-09 1.13373e-08 -0.000537186 -0.000537985 -0.000478739 -0.00047973 0.000435182 0.00043701 0.00048257 0.000484363 3.60075e-06 -1.19921e-09 0.136813 3.80118e-07 -2.62752e-05 -3.22623e-08 1
0.114 0.000152391 -1.27378e-06 -1.27532e-06 1.70778e-08 1.92196e-08 -0.000555835 -0.000556654 -0.000494723 -0.000495742 0.000449152 0.000451034 0.000498614 0.000500459 3.73394e-06 -1.23294e-09 0.135694 3.91207e-07 -2.70533e-05 -3.3492e-08 1
0.115 0.00015689 -1.31719e-06 -1.31877e-06 2.54232e-08 2.76307e-08 -0.000574967 -0.000575808 -0.000511096 -0.000512144 0.000463427 0.000465363 0.000515048 0.000516944 3.87092e-06 -1.26722e-09 0.134566 4.02504e-07 -2.78458e-05 -3.47592e-08 1
0.116 0.000161474 -1.36174e-06 -1.36337e-06 3.4317e-08 3.65917e-08 -0.000594593 -0.000595455 -0.000527863 -0.000528941 0.000478009 0.000480001 0.000531877 0.000533826 4.01176e-06 -1.30205e-09 0.133428 4.14011e-07 -2.86527e-05 -3.60647e-08 1
0.117 0.000166145 -1.40747e-06 -1.40915e-06 4.37807e-08 4.61241e-08 -0.00061472 -0.000615604 -0.000545031 -0.000546139 0.000492901 0.000494949 0.000549108 0.000551111 4.15654e-06 -1.33743e-09 0.13228 4.25729e-07 -2.94743e-05 -3.74095e-08 1
0.118 0.000170902 -1.4544e-06 -1.45612e-06 5.38364e-08 5.62501e-08 -0.000635358 -0.000636264 -0.000562607 -0.000563745 0.000508106 0.000510212 0.000566747 0.000568805 4.30534e-06 -1.37335e-09 0.131123 4.37661e-07 -3.03105e-05 -3.87946e-08 1
0.119 0.000175746 -1.50256e-06 -1.50432e-06 6.4507e-08 6.69924e-08 -0.000656516 -0.000657444 -0.000580596 -0.000581765 0.000523627 0.000525792 0.0005848 0.000586915 4.45824e-06 -1.40981e-09 0.129955 4.49807e-07 -3.11613e-05 -4.02209e-08 1
0.12 0.000180678 -1.55197e-06 -1.55378e-06 7.58156e-08 7.83745e-08 -0.000678203 -0.000679153 -0.000599005 -0.000600206 0.000539466 0.000541691 0.000603274 0.000605446 4.61533e-06 -1.4468e-09 0.128778 4.6217e-07 -3.20268e-05 -4.16894e-08 1
0.121 0.000185698 -1.60266e-06 -1.60452e-06 8.77863e-08 9.04202e-08 -0.000700428 -0.000701401 -0.00061784 -0.000619073 0.000555626 0.000557912 0.000622176 0.000624406 4.77669e-06 -1.48433e-09 0.127591 4.7475e-07 -3.29071e-05 -4.32011e-08 1
0.122 0.000190806 -1.65465e-06 -1.65656e-06 1.00444e-07 1.03154e-07 -0.000723201 -0.000724197 -0.000637109 -0.000638374 0.000572109 0.000574457 0.000641512 0.000643801 4.94241e-06 -1.52237e-09 0.126394 4.8755e-07 -3.38022e-05 -4.47571e-08 1
0.123 0.000196004 -1.70798e-06 -1.70994e-06 1.13813e-07 1.16602e-07 -0.000746532 -0.000747551 -0.000656816 -0.000658115 0.000588918 0.000591329 0.000661288 0.000663637 5.11258e-06 -1.56094e-09 0.125187 5.00569e-07 -3.47122e-05 -4.63585e-08 1
0.124 0.000201291 -1.76267e-06 -1.76468e-06 1.27921e-07 1.3079e-07 -0.000770429 -0.000771472 -0.000676969 -0.000678302 0.000606054 0.00060853 0.000681512 0.000683922 5.28729e-06 -1.60001e-09 0.123971 5.13811e-07 -3.56369e-05 -4.80062e-08 1
0.125 0.000206668 -1.81876e-06 -1.82081e-06 1.42792e-07 1.45743e-07 -0.000794904 -0.000795971 -0.000697575 -0.000698942 0.00062352 0.000626062 0.00070219 0.000704662 5.46662e-06 -1.63958e-09 0.122744 5.27277e-07 -3.65766e-05 -4.97015e-08 1
0.126 0.000212136 -1.87626e-06 -1.87837e-06 1.58456e-07 1.61491e-07 -0.000819965 -0.000821056 -0.00071864 -0.000720042 0.000641318 0.000643927 0.000723329 0.000725865 5.65067e-06 -1.67965e-09 0.121508 5.40967e-07 -3.75311e-05 -5.14454e-08 1
0.127 0.000217694 -1.93522e-06 -1.93738e-06 1.7494e-07 1.7806e-07 -0.000845623 -0.000846739 -0.00074017 -0.000741608 0.00065945 0.000662127 0.000744935 0.000747536 5.83954e-06 -1.72019e-09 0.120262 5.54883e-07 -3.85005e-05 -5.32391e-08 1
0.128 0.000223344 -1.99566e-06 -1.99788e-06 1.92273e-07 1.9548e-07 -0.000871888 -0.000873029 -0.000762174 -0.000763648 0.000677917 0.000680664 0.000767017 0.000769683 6.03331e-06 -1.76121e-09 0.119006 5.69026e-07 -3.94848e-05 -5.50838e-08 1
0.129 0.000229085 -2.05762e-06 -2.05989e-06 2.10484e-07 2.1378e-07 -0.000898771 -0.000899936 -0.000784657 -0.000786168 0.000696721 0.00069954 0.00078958 0.000792313 6.23209e-06 -1.80268e-09 0.117741 5.83399e-07 -4.0484e-05 -5.69807e-08 1
0.13 0.000234919 -2.12113e-06 -2.12345e-06 2.29603e-07 2.3299e-07 -0.000926282 -0.000927472 -0.000807626 -0.000809174 0.000715864 0.000718755 0.000812633 0.000815433 6.43597e-06 -1.84459e-09 0.116466 5.98001e-07 -4.14981e-05 -5.8931e-08 1
0.131 0.000240844 -2.18623e-06 -2.1886e-06 2.49662e-07 2.53143e-07 -0.000954431 -0.000955647 -0.000831089 -0.000832675 0.000735348 0.000738312 0.000836181 0.00083905 6.64506e-06 -1.88694e-09 0.11518 6.12835e-07 -4.2527e-05 -6.0936e-08 1
0.132 0.000246863 -2.25293e-06 -2.25537e-06 2.70693e-07 2.74268e-07 -0.000983229 -0.000984471 -0.000855052 -0.000856677 0.000755172 0.000758212 0.000860233 0.000863172 6.85946e-06 -1.92969e-09 0.113885 6.27901e-07 -4.35708e-05 -6.2997e-08 1
0.133 0.000252974 -2.3213e-06 -2.32379e-06 2.92728e-07 2.96401e-07 -0.00101269 -0.00101395 -0.000879522 -0.000881187 0.00077534 0.000778455 0.000884795 0.000887806 7.07927e-06 -1.97285e-09 0.11258 6.43201e-07 -4.46294e-05 -6.51153e-08 1
0.134 0.000259178 -2.39135e-06 -2.39389e-06 3.15802e-07 3.19573e-07 -0.00104282 -0.00104411 -0.000904507 -0.000906212 0.00079585 0.000799044 0.000909876 0.000912958 7.30459e-06 -2.01638e-09 0.111266 6.58736e-07 -4.57027e-05 -6.72923e-08 1
0.135 0.000265476 -2.46312e-06 -2.46573e-06 3.39947e-07 3.4382e-07 -0.00107363 -0.00107495 -0.000930014 -0.000931759 0.000816705 0.000819978 0.000935482 0.000938638 7.53554e-06 -2.06026e-09 0.109941 6.74508e-07 -4.67908e-05 -6.95293e-08 1
0.136 0.000271867 -2.53666e-06 -2.53933e-06 3.65201e-07 3.69177e-07 -0.00110513 -0.00110648 -0.00095605 -0.000957836 0.000837904 0.000841258 0.000961621 0.000964851 7.77222e-06 -2.10449e-09 0.108607 6.90516e-07 -4.78936e-05 -7.18277e-08 1
0.137 0.000278352 -2.612e-06 -2.61473e-06 3.91598e-07 3.95679e-07 -0.00113735 -0.00113872 -0.000982622 -0.00098445 0.000859449 0.000862884 0.0009883 0.000991607 8.01475e-06 -2.14902e-09 0.107263 7.06763e-07 -4.9011e-05 -7.4189e-08 1
0.138 0.000284931 -2.68918e-06 -2.69197e-06 4.19177e-07 4.23366e-07 -0.00117027 -0.00117167 -0.00100974 -0.00101161 0.000881339 0.000884858 0.00101553 0.00101891 8.26324e-06 -2.19385e-09 0.105909 7.23249e-07 -5.01429e-05 -7.66146e-08 1
0.139 0.000291604 -2.76824e-06 -2.77109e-06 4.47975e-07 4.52274e-07 -0.00120393 -0.00120536 -0.0010374 -0.00103932 0.000903574 0.000907178 0.00104331 0.00104677 8.5178e-06 -2.23894e-09 0.104545 7.39976e-07 -5.12893e-05 -7.91062e-08 1
0.14 0.000298372 -2.84923e-06 -2.85214e-06 4.78032e-07 4.82443e-07 -0.00123832 -0.00123978 -0.00106563 -0.00106759 0.000926155 0.000929845 0.00107166 0.0010752 8.77856e-06 -2.28426e-09 0.103172 7.56944e-07 -5.245e-05 -8.16651e-08 1
0.141 0.000305233 -2.93218e-06 -2.93516e-06 5.09387e-07 5.13912e-07 -0.00127347 -0.00127496 -0.00109442 -0.00109642 0.00094908 0.000952858 0.00110058 0.0011042 9.04563e-06 -2.32978e-09 0.101789 7.74155e-07 -5.36251e-05 -8.4293e-08 1
0.142 0.000312189 -3.01715e-06 -3.02019e-06 5.42082e-07 5.46724e-07 -0.00130939 -0.0013109 -0.00112378 -0.00112583 0.000972349 0.000976217 0.00113008 0.00113378 9.31913e-06 -2.37547e-09 0.100395 7.91609e-07 -5.48143e-05 -8.69915e-08 1
0.143 0.000319239 -3.10417e-06 -3.10727e-06 5.76159e-07 5.8092e-07 -0.00134608 -0.00134761 -0.00115373 -0.00115582 0.000995961 0.00099992 0.00116016 0.00116395 9.5992e-06 -2.4213e-09 0.0989925 8.09308e-07 -5.60175e-05 -8.97622e-08 1
0.144 0.000326384 -3.19328e-06 -3.19646e-06 6.11661e-07 6.16544e-07 -0.00138356 -0.00138512 -0.00118426 -0.0011864 0.00101992 0.00102397 0.00119085 0.00119472 9.88594e-06 -2.46722e-09 0.0975797 8.27252e-07 -5.72347e-05 -9.26068e-08 1
0.145 0.000333623 -3.28455e-06 -3.28779e-06 6.48633e-07 6.5364e-07 -0.00142184 -0.00142343 -0.00121539 -0.00121758 0.00104421 0.00104836 0.00122213 0.00122609 1.01795e-05 -2.51321e-09 0.0961571 8.45442e-07 -5.84657e-05 -9.55272e-08 1
0.146 -0.000531066 -0.000435004 -0.000435009 -0.000261618 -0.000261613 -0.00602377 -0.00593656 -0.00365025 -0.00375489 0.00828377 0.00826935 0.00646142 0.00650548 7.33672e-06 3.45585e-05 0.0958571 3.19351e-06 -6.24742e-05 -3.95296e-05 1
0.147 -0.00146779 -0.00086865 -0.000868653 -0.000522818 -0.00052281 -0.0105469 -0.0103676 -0.00598584 -0.00619222 0.0154351 0.0153988 0.0116108 0.0116921 4.29161e-06 6.91144e-05 0.095557 4.88039e-06 -5.39007e-05 -7.93283e-05 1
0.148 -0.00247493 -0.00130426 -0.00130425 -0.000782977 -0.00078296 -0.0149934 -0.0147187 -0.00822539 -0.0085329 0.022501 0.0224396 0.0166733 0.0167892 1.03807e-06 0.000103663 0.0952568 5.93493e-06 -3.30036e-05 -0.00011949 1
0.149 -0.00355091 -0.00174186 -0.00174185 -0.00104212 -0.00104209 -0.0193651 -0.0189919 -0.010372 -0.0107801 0.0294841 0.0293946 0.0216521 0.0218 -2.42958e-06 0.000138203 0.0949566 6.38573e-06 -3.60628e-08 -0.000160012 1
0.15 -0.00469418 -0.0021815 -0.00218146 -0.00130028 -0.00130022 -0.0236642 -0.0231894 -0.0124289 -0.0129371 0.036387 0.0362665 0.0265502 0.0267277 -6.11666e-06 0.000172733 0.0946563 6.26107e-06 4.47548e-05 -0.000200894 1
0.151 -0.00590322 -0.0026232 -0.00262314 -0.00155748 -0.00155739 -0.0278925 -0.0273131 -0.0143988 -0.0150068 0.043212 0.0430578 0.0313704 0.0315753 -1.00281e-05 0.00020725 0.0943559 5.58895e-06 0.000101127 -0.000242134 1
0.152 -0.00717653 -0.003067 -0.0030669 -0.00181387 -0.0018136 -0.0320518 -0.031365 -0.016285 -0.0169923 0.0499617 0.0497711 0.0361155 0.0363457 -1.41511e-05 0.000241737 0.0940553 4.39707e-06 0.000168845 -0.00028373 1
0.153 -0.00851262 -0.00351294 -0.00351278 -0.00206961 -0.00206888 -0.036144 -0.035347 -0.0180902 -0.0188965 0.0566382 0.0564087 0.0407885 0.0410418 -1.84742e-05 0.000276174 0.0937546 2.7128e-06 0.000247677 -0.000325679 1
0.154 -0.00991006 -0.00396105 -0.00396083 -0.00232481 -0.00232324 -0.0401709 -0.0392609 -0.0198173 -0.0207222 0.0632438 0.0629732 0.0453918 0.0456663 -2.29897e-05 0.000310551 0.0934537 5.63152e-07 0.000337399 -0.000367981 1
0.155 -0.0113675 -0.00441137 -0.00441106 -0.00257957 -0.0025767 -0.0441342 -0.0431086 -0.0214691 -0.0224721 0.0697807 0.0694667 0.0499281 0.050222 -2.76929e-05 0.000344857 0.0931526 -2.02521e-06 0.000437789 -0.000410633 1
0.156 -0.0128835 -0.00486394 -0.00486353 -0.00283396 -0.0028293 -0.0480355 -0.0468917 -0.0230482 -0.0241488 0.0762509 0.0758914 0.0543998 0.0547113 -3.25812e-05 0.000379085 0.0928514 -5.02595e-06 0.000548634 -0.000453635 1
0.157 -0.0144567 -0.0053188 -0.00531827 -0.00308805 -0.00308107 -0.0518764 -0.050612 -0.0245572 -0.0257552 0.0826564 0.0822495 0.0588094 0.0591369 -3.76533e-05 0.000413231 0.0925499 -8.4131e-06 0.000669722 -0.000496985 1
0.158 -0.016086 -0.00577599 -0.00577533 -0.0033419 -0.00333203 -0.0556586 -0.0542711 -0.0259986 -0.0272935 0.0889992 0.0885431 0.0631591 0.063501 -4.29091e-05 0.00044729 0.0922482 -1.2161e-05 0.000800849 -0.000540682 1
0.159 -0.0177701 -0.00623556 -0.00623474 -0.00359556 -0.00358222 -0.0593834 -0.0578705 -0.0273748 -0.0287664 0.0952813 0.0947741 0.0674512 0.0678062 -4.83495e-05 0.00048126 0.0919463 -1.62443e-05 0.000941815 -0.000584724 0.999999
0.16 -0.0195076 -0.00669755 -0.00669656 -0.00384907 -0.00383166 -0.0630525 -0.0614119 -0.0286881 -0.0301763 0.101504 0.100945 0.0716879 0.0720546 -5.39756e-05 0.00051514 0.091644 -2.06381e-05 0.00109242 -0.000629111 0.999999
0.161 -0.0212975 -0.00716201 -0.00716083 -0.00410248 -0.0040804 -0.0666673 -0.0648967 -0.0299409 -0.0315254 0.10767 0.107056 0.0758712 0.0762484 -5.97894e-05 0.000548928 0.0913416 -2.53176e-05 0.00125248 -0.00067384 0.999999
0.162 -0.0231387 -0.00762899 -0.00762759 -0.00435581 -0.00432846 -0.0702291 -0.0683265 -0.0311353 -0.0328161 0.11378 0.113111 0.0800032 0.0803898 -6.57929e-05 0.000582624 0.0910388 -3.02586e-05 0.00142181 -0.000718912 0.999999
0.163 -0.0250298 -0.00809854 -0.00809689 -0.00460911 -0.00457589 -0.0737394 -0.0717025 -0.0322736 -0.0340506 0.119837 0.11911 0.0840858 0.0844808 -7.19886e-05 0.00061623 0.0907357 -3.54371e-05 0.00160021 -0.000764326 0.999998
0.164 -0.02697 -0.00857069 -0.00856878 -0.0048624 -0.00482272 -0.0771993 -0.0750262 -0.0333578 -0.035231 0.125841 0.125057 0.0881209 0.0885235 -7.8379e-05 0.000649746 0.0904324 -4.08293e-05 0.00178753 -0.000810079 0.999998
0.165 -0.028958 -0.00904551 -0.0090433 -0.0051157 -0.00506898 -0.0806104 -0.078299 -0.03439 -0.0363595 0.131795 0.130951 0.0921103 0.0925196 -8.49669e-05 0.000683173 0.0901287 -4.64119e-05 0.00198357 -0.000856173 0.999998
0.166 -0.0309929 -0.00952305 -0.00952052 -0.00536904 -0.00531471 -0.0839737 -0.0815222 -0.035372 -0.0374381 0.137699 0.136795 0.0960559 0.0964712 -9.17551e-05 0.000716514 0.0898246 -5.21617e-05 0.00218817 -0.000902604 0.999997
0.167 -0.0330737 -0.0100033 -0.0100005 -0.00562244 -0.00555995 -0.0872905 -0.0846969 -0.0363059 -0.0384687 0.143556 0.142591 0.0999593 0.10038 -9.87463e-05 0.000749769 0.0895202 -5.80562e-05 0.00240116 -0.000949374 0.999997
0.168 -0.0351993 -0.0104865 -0.0104832 -0.00587592 -0.00580474 -0.090562 -0.0878246 -0.0371936 -0.0394533 0.149366 0.148339 0.103822 0.104248 -0.000105943 0.000782942 0.0892155 -6.40729e-05 0.00262239 -0.00099648 0.999996
0.169 -0.0373687 -0.0109724 -0.0109688 -0.0061295 -0.00604911 -0.0937894 -0.0909063 -0.0380367 -0.0403938 0.155132 0.154042 0.107646 0.108076 -0.000113349 0.000816034 0.0889103 -7.01895e-05 0.00285169 -0.00104392 0.999995
0.17 -0.0395812 -0.0114613 -0.0114573 -0.00638319 -0.00629311 -0.0969738 -0.0939432 -0.0388371 -0.041292 0.160853 0.1597 0.111433 0.111867 -0.000120967 0.00084905 0.0886048 -7.63844e-05 0.00308892 -0.0010917 0.999995
0.171 -0.0418357 -0.0119532 -0.0119487 -0.006637 -0.00653676 -0.100116 -0.0969366 -0.0395964 -0.0421497 0.166533 0.165315 0.115183 0.115622 -0.000128799 0.000881991 0.0882989 -8.2636e-05 0.0033339 -0.00113981 0.999994
0.172 -0.0441313 -0.0124481 -0.0124431 -0.00689096 -0.00678012 -0.103218 -0.0998874 -0.0403164 -0.0429685 0.172171 0.170889 0.1189 0.119342 -0.000136848 0.000914861 0.0879926 -8.89231e-05 0.00358651 -0.00118826 0.999993
0.173 -0.0464672 -0.0129461 -0.0129406 -0.00714507 -0.0070232 -0.10628 -0.102797 -0.0409987 -0.0437503 0.17777 0.176423 0.122583 0.123029 -0.000145117 0.000947663 0.0876858 -9.52248e-05 0.00384659 -0.00123704 0.999992
0.174 -0.0488425 -0.0134472 -0.0134412 -0.00739935 -0.00726606 -0.109303 -0.105666 -0.0416447 -0.0444966 0.18333 0.181917 0.126234 0.126684 -0.000153608 0.000980401 0.0873786 -0.00010152 0.00411401 -0.00128615 0.999991
0.175 -0.0512565 -0.0139515 -0.0139449 -0.00765379 -0.00750874 -0.112288 -0.108496 -0.042256 -0.045209 0.188852 0.187374 0.129856 0.130309 -0.000162324 0.00101308 0.087071 -0.00010779 0.00438862 -0.0013356 0.999989
0.176 -0.0537082 -0.014459 -0.0144519 -0.00790841 -0.00775126 -0.115237 -0.111287 -0.042834 -0.045889 0.194338 0.192794 0.133448 0.133905 -0.000171268 0.0010457 0.086763 -0.000114013 0.0046703 -0.00138538 0.999988
0.177 -0.056197 -0.0149699 -0.0149621 -0.00816322 -0.00799366 -0.118149 -0.114041 -0.0433803 -0.0465381 0.199788 0.198178 0.137012 0.137474 -0.000180442 0.00107826 0.0864545 -0.000120169 0.0049589 -0.00143548 0.999987
0.178 -0.058722 -0.015484 -0.0154757 -0.00841821 -0.00823599 -0.121027 -0.116759 -0.0438962 -0.0471578 0.205204 0.203528 0.140549 0.141016 -0.000189848 0.00111078 0.0861455 -0.000126241 0.00525431 -0.00148592 0.999985
0.179 -0.0612825 -0.0160016 -0.0159926 -0.0086734 -0.00847828 -0.12387 -0.119441 -0.0443829 -0.0477496 0.210587 0.208845 0.144061 0.144533 -0.000199488 0.00114325 0.0858361 -0.000132207 0.00555638 -0.00153669 0.999983
0.18 -0.0638778 -0.0165227 -0.016513 -0.00892879 -0.00872057 -0.126681 -0.122089 -0.0448419 -0.0483147 0.215937 0.214129 0.147549 0.148026 -0.000209366 0.00117568 0.0855262 -0.00013805 0.00586501 -0.00158779 0.999982
0.181 -0.0665071 -0.0170473 -0.0170369 -0.00918437 -0.00896289 -0.129459 -0.124703 -0.0452743 -0.0488546 0.221256 0.219382 0.151013 0.151496 -0.000219482 0.00120808 0.0852158 -0.00014375 0.00618007 -0.00163921 0.99998
0.182 -0.0691699 -0.0175755 -0.0175643 -0.00944015 -0.00920527 -0.132205 -0.127285 -0.0456815 -0.0493705 0.226544 0.224604 0.154454 0.154945 -0.000229839 0.00124044 0.0849049 -0.00014929 0.00650144 -0.00169097 0.999977
0.183 -0.0718653 -0.0181073 -0.0180954 -0.00969613 -0.00944776 -0.134921 -0.129834 -0.0460645 -0.0498636 0.231802 0.229797 0.157874 0.158372 -0.000240439 0.00127277 0.0845935 -0.000154651 0.00682901 -0.00174305 0.999975
0.184 -0.0745928 -0.0186428 -0.0186301 -0.0099523 -0.00969039 -0.137607 -0.132352 -0.0464246 -0.0503353 0.237032 0.234961 0.161274 0.161781 -0.000251283 0.00130507 0.0842816 -0.000159815 0.00716266 -0.00179546 0.999973
0.185 -0.0773517 -0.019182 -0.0191686 -0.0102087 -0.00993319 -0.140264 -0.13484 -0.0467629 -0.0507867 0.242233 0.240098 0.164654 0.16517 -0.000262374 0.00133736 0.0839692 -0.000164765 0.00750228 -0.00184819 0.99997
0.186 -0.0801414 -0.0197251 -0.0197108 -0.0104652 -0.0101762 -0.142892 -0.137299 -0.0470804 -0.051219 0.247407 0.245208 0.168016 0.168542 -0.000273714 0.00136963 0.0836563 -0.000169484 0.00784777 -0.00190125 0.999967
0.187 -0.0829613 -0.020272 -0.0202569 -0.010722 -0.0104195 -0.145493 -0.139728 -0.0473781 -0.0516333 0.252555 0.250292 0.17136 0.171897 -0.000285303 0.00140188 0.0833429 -0.000173955 0.00819902 -0.00195464 0.999964
0.188 -0.0858107 -0.0208228 -0.0208069 -0.0109789 -0.010663 -0.148067 -0.14213 -0.0476572 -0.0520307 0.257678 0.25535 0.174687 0.175236 -0.000297143 0.00143413 0.083029 -0.00017816 0.00855592 -0.00200835 0.999961
0.189 -0.0886892 -0.0213776 -0.0213609 -0.0112359 -0.0109068 -0.150615 -0.144504 -0.0479186 -0.0524122 0.262775 0.260385 0.177998 0.17856 -0.000309236 0.00146638 0.0827145 -0.000182084 0.00891837 -0.00206239 0.999958
0.19 -0.0915961 -0.0219364 -0.0219188 -0.0114932 -0.011151 -0.153137 -0.146852 -0.0481633 -0.052779 0.267848 0.265395 0.181293 0.18187 -0.000321583 0.00149863 0.0823994 -0.000185711 0.00928628 -0.00211675 0.999955
0.191 -0.0945308 -0.0224994 -0.0224809 -0.0117506 -0.0113955 -0.155635 -0.149174 -0.0483922 -0.053132 0.272897 0.270383 0.184574 0.185167 -0.000334186 0.00153088 0.0820839 -0.000189023 0.00965954 -0.00217144 0.999951
0.192 -0.0974929 -0.0230664 -0.0230471 -0.0120081 -0.0116404 -0.158108 -0.151471 -0.0486061 -0.0534722 0.277924 0.275349 0.187841 0.188451 -0.000347045 0.00156314 0.0817678 -0.000192006 0.0100381 -0.00222645 0.999947
0.193 -0.100482 -0.0236377 -0.0236175 -0.0122658 -0.0118858 -0.160558 -0.153743 -0.048806 -0.0538006 0.282928 0.280293 0.191095 0.191723 -0.000360162 0.00159542 0.0814511 -0.000194644 0.0104218 -0.00228178 0.999943
0.194 -0.103497 -0.0242132 -0.0241921 -0.0125235 -0.0121316 -0.162985 -0.155991 -0.0489928 -0.054118 0.287911 0.285216 0.194336 0.194985 -0.000373538 0.00162771 0.0811339 -0.000196922 0.0108105 -0.00233743 0.999939
0.195 -0.106538 -0.0247931 -0.0247711 -0.0127814 -0.0123779 -0.16539 -0.158216 -0.0491672 -0.0544255 0.292872 0.290119 0.197566 0.198235 -0.000387173 0.00166003 0.0808162 -0.000198825 0.0112043 -0.00239341 0.999934
0.196 -0.109604 -0.0253773 -0.0253544 -0.0130394 -0.0126247 -0.167773 -0.160418 -0.04933 -0.0547238 0.297814 0.295003 0.200784 0.201476 -0.000401068 0.00169237 0.0804979 -0.000200338 0.0116029 -0.0024497 0.99993
0.197 -0.112695 -0.0259659 -0.0259422 -0.0132974 -0.012872 -0.170135 -0.162599 -0.049482 -0.0550138 0.302735 0.299868 0.203991 0.204709 -0.000415225 0.00172475 0.080179 -0.000201447 0.0120064 -0.00250632 0.999925
0.198 -0.115811 -0.0265591 -0.0265344 -0.0135555 -0.0131199 -0.172476 -0.164758 -0.0496239 -0.0552965 0.307637 0.304714 0.207189 0.207932 -0.000429644 0.00175715 0.0798596 -0.000202137 0.0124145 -0.00256326 0.99992
0.199 -0.11895 -0.0271567 -0.0271312 -0.0138137 -0.0133684 -0.174798 -0.166896 -0.0497566 -0.0555725 0.31252 0.309543 0.210377 0.211148 -0.000444325 0.0017896 0.0795396 -0.000202395 0.0128274 -0.00262052 0.999914
0.2 -0.122113 -0.027759 -0.0277326 -0.0140719 -0.0136175 -0.1771 -0.169013 -0.0498806 -0.0558426 0.317385 0.314354 0.213556 0.214357 -0.000459269 0.00182209 0.0792191 -0.000202207 0.0132447 -0.0026781 0.999909
0.201 -0.125299 -0.0283659 -0.0283387 -0.01433 -0.0138672 -0.179384 -0.171111 -0.0499967 -0.0561077 0.322233 0.319149 0.216726 0.217558 -0.000474477 0.00185463 0.078898 -0.00020156 0.0136666 -0.00273599 0.999903
0.202 -0.128507 -0.0289776 -0.0289494 -0.0145882 -0.0141176 -0.181649 -0.17319 -0.0501056 -0.0563685 0.327063 0.323928 0.219889 0.220754 -0.000489948 0.00188722 0.0785763 -0.00020044 0.0140928 -0.00279421 0.999897
0.203 -0.131738 -0.0295939 -0.029565 -0.0148463 -0.0143686 -0.183897 -0.175251 -0.0502078 -0.0566257 0.331876 0.328691 0.223044 0.223945 -0.000505683 0.00191986 0.0782541 -0.000198834 0.0145234 -0.00285274 0.99989
0.204 -0.13499 -0.0302151 -0.0301854 -0.0151044 -0.0146204 -0.186127 -0.177293 -0.050304 -0.05688 0.336674 0.333439 0.226192 0.22713 -0.000521681 0.00195256 0.0779313 -0.00019673 0.0149582 -0.00291159 0.999884
0.205 -0.138263 -0.0308412 -0.0308107 -0.0153624 -0.0148728 -0.188341 -0.179317 -0.0503948 -0.0571321 0.341455 0.338172 0.229334 0.23031 -0.000537944 0.00198532 0.0776079 -0.000194114 0.0153972 -0.00297076 0.999877
0.206 -0.141558 -0.0314722 -0.031441 -0.0156203 -0.015126 -0.190538 -0.181325 -0.0504808 -0.0573827 0.346221 0.342891 0.232469 0.233487 -0.000554471 0.00201815 0.077284 -0.000190976 0.0158403 -0.00303025 0.99987
0.207 -0.144873 -0.0321082 -0.0320762 -0.015878 -0.0153799 -0.19272 -0.183316 -0.0505625 -0.0576324 0.350972 0.347597 0.235599 0.236659 -0.000571261 0.00205105 0.0769595 -0.000187303 0.0162874 -0.00309005 0.999863
0.208 -0.148208 -0.0327491 -0.0327165 -0.0161356 -0.0156346 -0.194887 -0.18529 -0.0506406 -0.0578819 0.355708 0.352289 0.238723 0.239829 -0.000588315 0.00208402 0.0766344 -0.000183082 0.0167385 -0.00315017 0.999855
0.209 -0.151563 -0.0333952 -0.0333619 -0.0163937 -0.01589 -0.197039 -0.18725 -0.050716 -0.0581315 0.36043 0.356968 0.241842 0.242996 -0.00060555 0.00211698 0.0763088 -0.000178304 0.0171934 -0.0032106 0.999847
0.21 -0.154937 -0.0340463 -0.0340125 -0.0166525 -0.0161461 -0.199176 -0.189194 -0.0507896 -0.0583819 0.365138 0.361635 0.244958 0.24616 -0.000622928 0.00214991 0.0759826 -0.000172955 0.0176522 -0.00327134 0.999839
0.211 -0.15833 -0.0347025 -0.0346682 -0.016912 -0.0164028 -0.2013 -0.191124 -0.0508619 -0.0586334 0.369832 0.366289 0.248069 0.249322 -0.000640447 0.00218281 0.0756558 -0.000167027 0.0181147 -0.00333239 0.99983
0.212 -0.161741 -0.035364 -0.0353292 -0.0171722 -0.0166602 -0.203411 -0.19304 -0.0509335 -0.0588867 0.374514 0.370932 0.251177 0.252483 -0.000658101 0.00221567 0.0753285 -0.000160508 0.0185809 -0.00339376 0.999822
0.213 -0.165171 -0.0360307 -0.0359954 -0.0174332 -0.0169184 -0.205509 -0.194942 -0.0510047 -0.0591423 0.379182 0.375563 0.254281 0.255642 -0.000675885 0.0022485 0.0750007 -0.000153389 0.0190508 -0.00345544 0.999813
0.214 -0.168618 -0.0367026 -0.036667 -0.0176949 -0.0171772 -0.207595 -0.196831 -0.0510762 -0.0594008 0.383838 0.380183 0.257382 0.258801 -0.000693796 0.00228129 0.0746723 -0.000145659 0.0195241 -0.00351742 0.999803
0.215 -0.172083 -0.0373799 -0.037344 -0.0179574 -0.0174367 -0.209669 -0.198707 -0.0511483 -0.0596626 0.388481 0.384793 0.260481 0.261958 -0.00071183 0.00231405 0.0743434 -0.000137309 0.020001 -0.00357972 0.999794
0.216 -0.175565 -0.0380626 -0.0380265 -0.0182207 -0.017697 -0.211731 -0.200571 -0.0512216 -0.0599281 0.393113 0.389392 0.263577 0.265116 -0.000729981 0.00234677 0.0740139 -0.000128329 0.0204813 -0.00364233 0.999784
0.217 -0.179063 -0.0387508 -0.0387146 -0.0184847 -0.0179579 -0.213782 -0.202424 -0.0512965 -0.060198 0.397733 0.39398 0.266672 0.268273 -0.000748245 0.00237945 0.0736839 -0.00011871 0.020965 -0.00370524 0.999773
0.218 -0.182579 -0.0394445 -0.0394082 -0.0187495 -0.0182197 -0.215822 -0.204264 -0.0513735 -0.0604726 0.402341 0.39856 0.269764 0.27143 -0.000766619 0.0024121 0.0733534 -0.000108443 0.021452 -0.00376846 0.999763
0.219 -0.18611 -0.0401437 -0.0401074 -0.019015 -0.0184821 -0.217852 -0.206094 -0.0514528 -0.0607524 0.406939 0.403129 0.272854 0.274588 -0.000785096 0.00244472 0.0730223 -9.75207e-05 0.0219422 -0.00383199 0.999752
0.22 -0.189657 -0.0408485 -0.0408124 -0.0192814 -0.0187452 -0.219873 -0.207913 -0.0515351 -0.0610379 0.411526 0.407689 0.275944 0.277747 -0.000803674 0.00247729 0.0726907 -8.59331e-05 0.0224356 -0.00389582 0.999741
0.221 -0.19322 -0.041559 -0.0415231 -0.0195485 -0.0190091 -0.221883 -0.209721 -0.0516206 -0.0613294 0.416102 0.412241 0.279032 0.280906 -0.000822347 0.00250983 0.0723586 -7.36727e-05 0.0229322 -0.00395996 0.999729
0.222 -0.196799 -0.0422752 -0.0422397 -0.0198164 -0.0192738 -0.223885 -0.21152 -0.0517098 -0.0616274 0.420668 0.416784 0.282119 0.284067 -0.000841111 0.00254233 0.072026 -6.07314e-05 0.0234318 -0.00402441 0.999717
0.223 -0.200392 -0.0429972 -0.0429621 -0.020085 -0.0195391 -0.225877 -0.213309 -0.051803 -0.0619323 0.425224 0.421318 0.285205 0.287229 -0.000859962 0.0025748 0.0716928 -4.71016e-05 0.0239345 -0.00408916 0.999705
0.224 -0.204 -0.0437249 -0.0436904 -0.0203545 -0.0198052 -0.227862 -0.215089 -0.0519006 -0.0622444 0.42977 0.425844 0.288291 0.290392 -0.000878895 0.00260722 0.0713591 -3.27759e-05 0.0244401 -0.00415422 0.999693
0.225 -0.207623 -0.0444586 -0.0444248 -0.0206247 -0.020072 -0.229838 -0.216859 -0.052003 -0.0625642 0.434307 0.430363 0.291376 0.293558 -0.000897905 0.00263961 0.0710249 -1.77471e-05 0.0249487 -0.00421958 0.99968
0.226 -0.21126 -0.0451981 -0.0451652 -0.0208957 -0.0203395 -0.231807 -0.218622 -0.0521105 -0.0628921 0.438834 0.434873 0.294461 0.296725 -0.000916989 0.00267196 0.0706903 -2.0083e-06 0.0254601 -0.00428524 0.999667
0.227 -0.214911 -0.0459436 -0.0459116 -0.0211674 -0.0206077 -0.233768 -0.220376 -0.0522234 -0.0632283 0.443352 0.439377 0.297546 0.299895 -0.000936142 0.00270427 0.0703551 1.44473e-05 0.0259743 -0.0043512 0.999653
0.228 -0.218575 -0.0466951 -0.0466643 -0.0214399 -0.0208767 -0.235722 -0.222122 -0.0523421 -0.0635732 0.447862 0.443873 0.300631 0.303066 -0.000955359 0.00273654 0.0700194 3.1626e-05 0.0264913 -0.00441747 0.999639
0.229 -0.222253 -0.0474527 -0.0474231 -0.0217132 -0.0211463 -0.23767 -0.223861 -0.0524669 -0.0639273 0.452362 0.448362 0.303717 0.30624 -0.000974636 0.00276877 0.0696832 4.95341e-05 0.027011 -0.00448404 0.999625
0.23 -0.225944 -0.0482164 -0.0481883 -0.0219872 -0.0214166 -0.239611 -0.225593 -0.0525981 -0.0642908 0.456854 0.452844 0.306802 0.309417 -0.000993969 0.00280096 0.0693465 6.81775e-05 0.0275334 -0.00455091 0.999611
0.231 -0.229648 -0.0489862 -0.0489597 -0.0222619 -0.0216876 -0.241547 -0.227318 -0.0527361 -0.064664 0.461338 0.45732 0.309888 0.312597 -0.00101335 0.0028331 0.0690094 8.75619e-05 0.0280583 -0.00461807 0.999596
0.232 -0.233365 -0.0497623 -0.0497376 -0.0225373 -0.0219593 -0.243477 -0.229036 -0.052881 -0.0650473 0.465814 0.461789 0.312975 0.315779 -0.00103278 0.00286521 0.0686718 0.000107693 0.0285859 -0.00468554 0.99958
0.233 -0.237094 -0.0505446 -0.0505218 -0.0228134 -0.0222316 -0.245401 -0.230748 -0.0530333 -0.0654409 0.470282 0.466252 0.316063 0.318964 -0.00105226 0.00289727 0.0683337 0.000128576 0.0291159 -0.0047533 0.999565
0.234 -0.240835 -0.0513332 -0.0513126 -0.0230903 -0.0225046 -0.24732 -0.232454 -0.0531931 -0.0658453 0.474742 0.470709 0.319151 0.322152 -0.00107177 0.00292929 0.0679951 0.000150215 0.0296484 -0.00482137 0.999549
0.235 -0.244588 -0.0521281 -0.0521099 -0.0233678 -0.0227782 -0.249235 -0.234155 -0.0533608 -0.0662606 0.479195 0.47516 0.322241 0.325344 -0.00109132 0.00296127 0.0676561 0.000172616 0.0301833 -0.00488973 0.999532
0.236 -0.248353 -0.0529294 -0.0529139 -0.023646 -0.0230524 -0.251146 -0.23585 -0.0535365 -0.0666871 0.48364 0.479606 0.325331 0.328538 -0.00111089 0.0029932 0.0673166 0.000195783 0.0307206 -0.00495838 0.999516
0.237 -0.25213 -0.0537372 -0.0537245 -0.0239248 -0.0233272 -0.253052 -0.23754 -0.0537207 -0.0671251 0.488078 0.484046 0.328422 0.331736 -0.00113049 0.00302509 0.0669767 0.000219721 0.0312602 -0.00502733 0.999499
0.238 -0.255917 -0.0545515 -0.0545418 -0.0242042 -0.0236025 -0.254955 -0.239226 -0.0539134 -0.067575 0.492509 0.48848 0.331515 0.334937 -0.00115011 0.00305693 0.0666364 0.000244433 0.031802 -0.00509658 0.999481
0.239 -0.259716 -0.0553723 -0.0553658 -0.0244843 -0.0238785 -0.256854 -0.240907 -0.0541151 -0.0680369 0.496933 0.492909 0.334609 0.338142 -0.00116975 0.00308873 0.0662956 0.000269923 0.0323461 -0.00516612 0.999463
0.24 -0.263526 -0.0561997 -0.0561967 -0.0247649 -0.0241549 -0.25875 -0.242584 -0.0543258 -0.0685111 0.50135 0.497334 0.337704 0.34135 -0.00118941 0.00312048 0.0659544 0.000296194 0.0328924 -0.00523596 0.999445
0.241 -0.267346 -0.0570337 -0.0570345 -0.0250462 -0.0244319 -0.260643 -0.244257 -0.0545458 -0.0689979 0.50576 0.501753 0.3408 0.344562 -0.00120907 0.00315218 0.0656128 0.000323251 0.0334408 -0.00530608 0.999427
0.242 -0.271177 -0.0578743 -0.0578793 -0.0253279 -0.0247093 -0.262534 -0.245926 -0.0547754 -0.0694975 0.510164 0.506167 0.343898 0.347777 -0.00122873 0.00318383 0.0652707 0.000351097 0.0339914 -0.0053765 0.999408
0.243 -0.275018 -0.0587217 -0.058731 -0.0256102 -0.0249873 -0.264422 -0.247592 -0.0550148 -0.0700101 0.514561 0.510576 0.346998 0.350996 -0.0012484 0.00321544 0.0649283 0.000379733 0.034544 -0.00544721 0.999388
0.244 -0.278869 -0.0595758 -0.0595897 -0.025893 -0.0252656 -0.266308 -0.249254 -0.0552642 -0.0705359 0.518952 0.514981 0.350099 0.354218 -0.00126806 0.00324699 0.0645854 0.000409163 0.0350986 -0.00551822 0.999369
0.245 -0.282729 -0.0604367 -0.0604556 -0.0261763 -0.0255444 -0.268193 -0.250914 -0.0555237 -0.0710753 0.523336 0.519382 0.353201 0.357445 -0.00128772 0.0032785 0.0642422 0.000439389 0.0356551 -0.00558951 0.999348
0.246 -0.2866 -0.0613045 -0.0613286 -0.02646 -0.0258236 -0.270076 -0.252572 -0.0557936 -0.0716284 0.527715 0.523778 0.356305 0.360675 -0.00130736 0.00330995 0.0638986 0.000470414 0.0362136 -0.00566109 0.999328
0.247 -0.290479 -0.0621791 -0.0622088 -0.0267442 -0.0261031 -0.271958 -0.254227 -0.0560741 -0.0721953 0.532088 0.528169 0.359411 0.363908 -0.00132699 0.00334135 0.0635546 0.000502238 0.036774 -0.00573295 0.999307
0.248 -0.294368 -0.0630607 -0.0630963 -0.0270287 -0.026383 -0.273839 -0.255879 -0.0563654 -0.0727764 0.536454 0.532557 0.362518 0.367145 -0.0013466 0.0033727 0.0632102 0.000534865 0.0373362 -0.00580511 0.999286
0.249 -0.298266 -0.0639492 -0.063991 -0.0273136 -0.0266631 -0.27572 -0.25753 -0.0566676 -0.0733719 0.540815 0.53694 0.365627 0.370386 -0.00136619 0.00340399 0.0628655 0.000568296 0.0379003 -0.00587755 0.999264
0.25 -0.302173 -0.0648448 -0.0648932 -0.0275988 -0.0269436 -0.2776 -0.25918 -0.056981 -0.0739818 0.545171 0.541319 0.368737 0.373631 -0.00138575 0.00343523 0.0625204 0.000602531 0.0384661 -0.00595028 0.999242
0.251 -0.306088 -0.0657473 -0.0658027 -0.0278844 -0.0272242 -0.27948 -0.260828 -0.0573057 -0.0746064 0.54952 0.545694 0.371849 0.376879 -0.00140528 0.00346641 0.062175 0.000637572 0.0390336 -0.00602329 0.99922
0.252 -0.310012 -0.066657 -0.0667198 -0.0281702 -0.0275051 -0.28136 -0.262475 -0.0576418 -0.075246 0.553864 0.550066 0.374962 0.380131 -0.00142478 0.00349754 0.0618292 0.00067342 0.0396028 -0.00609659 0.999197
0.253 -0.313944 -0.0675738 -0.0676443 -0.0284562 -0.0277861 -0.283241 -0.26412 -0.0579896 -0.0759005 0.558203 0.554433 0.378077 0.383387 -0.00144423 0.00352861 0.0614831 0.000710076 0.0401737 -0.00617017 0.999173
0.254 -0.317884 -0.0684978 -0.0685765 -0.0287424 -0.0280672 -0.285122 -0.265766 -0.0583492 -0.0765704 0.562536 0.558797 0.381194 0.386646 -0.00146365 0.00355962 0.0611367 0.000747539 0.0407462 -0.00624403 0.99915
0.255 -0.321832 -0.0694289 -0.0695162 -0.0290288 -0.0283485 -0.287004 -0.26741 -0.0587208 -0.0772556 0.566864 0.563157 0.384312 0.389909 -0.00148303 0.00359057 0.06079 0.000785809 0.0413203 -0.00631817 0.999126
0.256 -0.325787 -0.0703673 -0.0704637 -0.0293153 -0.0286298 -0.288887 -0.269055 -0.0591044 -0.0779564 0.571187 0.567513 0.387432 0.393175 -0.00150235 0.00362146 0.060443 0.000824888 0.0418959 -0.0063926 0.999101
0.257 -0.329751 -0.071313 -0.0714189 -0.0296019 -0.0289111 -0.290772 -0.270699 -0.0595004 -0.078673 0.575504 0.571866 0.390553 0.396444 -0.00152163 0.00365229 0.0600957 0.000864775 0.0424729 -0.0064673 0.999076
0.258 -0.333721 -0.072266 -0.0723818 -0.0298886 -0.0291924 -0.292658 -0.272344 -0.0599087 -0.0794054 0.579816 0.576215 0.393676 0.399717 -0.00154084 0.00368305 0.059748 0.000905468 0.0430515 -0.00654229 0.999051
0.259 -0.337699 -0.0732264 -0.0733526 -0.0301752 -0.0294736 -0.294546 -0.273989 -0.0603295 -0.0801538 0.584124 0.580561 0.3968 0.402994 -0.00156 0.00371375 0.0594002 0.000946968 0.0436315 -0.00661755 0.999025
0.26 -0.341684 -0.0741942 -0.0743313 -0.0304618 -0.0297547 -0.296437 -0.275634 -0.060763 -0.0809185 0.588426 0.584903 0.399926 0.406273 -0.0015791 0.00374439 0.059052 0.000989274 0.0442129 -0.00669308 0.998999
0.261 -0.345675 -0.0751694 -0.0753179 -0.0307483 -0.0300356 -0.298329 -0.27728 -0.0612094 -0.0816994 0.592724 0.589242 0.403053 0.409556 -0.00159814 0.00377496 0.0587036 0.00103238 0.0447956 -0.0067689 0.998973
0.262 -0.349674 -0.076152 -0.0763125 -0.0310347 -0.0303163 -0.300225 -0.278927 -0.0616686 -0.0824968 0.597016 0.593577 0.406181 0.412842 -0.00161711 0.00380547 0.058355 0.0010763 0.0453796 -0.00684499 0.998946
0.263 -0.353679 -0.0771421 -0.0773152 -0.031321 -0.0305968 -0.302123 -0.280576 -0.0621409 -0.0833108 0.601304 0.597909 0.40931 0.416131 -0.001636 0.00383591 0.0580061 0.00112101 0.045965 -0.00692135 0.998918
0.264 -0.35769 -0.0781398 -0.0783259 -0.031607 -0.0308769 -0.304024 -0.282226 -0.0626263 -0.0841415 0.605587 0.602238 0.412441 0.419423 -0.00165483 0.00386627 0.0576569 0.00116653 0.0465515 -0.00699799 0.998891
0.265 -0.361707 -0.0791451 -0.0793448 -0.0318927 -0.0311568 -0.305928 -0.283877 -0.063125 -0.0849891 0.609865 0.606564 0.415573 0.422718 -0.00167357 0.00389657 0.0573076 0.00121284 0.0471393 -0.00707489 0.998863
0.266 -0.365731 -0.0801579 -0.0803719 -0.0321782 -0.0314362 -0.307836 -0.28553 -0.0636371 -0.0858536 0.614138 0.610886 0.418706 0.426015 -0.00169224 0.0039268 0.056958 0.00125995 0.0477283 -0.00715207 0.998834
0.267 -0.36976 -0.0811784 -0.0814072 -0.0324633 -0.0317151 -0.309747 -0.287185 -0.0641628 -0.0867352 0.618407 0.615204 0.421839 0.429315 -0.00171083 0.00395695 0.0566083 0.00130785 0.0483184 -0.00722952 0.998805
0.268 -0.373796 -0.0822065 -0.0824508 -0.0327479 -0.0319936 -0.311663 -0.288842 -0.064702 -0.0876339 0.622671 0.61952 0.424974 0.432618 -0.00172933 0.00398703 0.0562583 0.00135654 0.0489097 -0.00730724 0.998776
0.269 -0.377836 -0.0832424 -0.0835028 -0.0330321 -0.0322715 -0.313582 -0.290501 -0.0652549 -0.08855 0.62693 0.623832 0.42811 0.435923 -0.00174774 0.00401704 0.0559082 0.00140602 0.049502 -0.00738523 0.998746
0.27 -0.381883 -0.0842859 -0.0845631 -0.0333158 -0.0325488 -0.315506 -0.292163 -0.0658216 -0.0894834 0.631185 0.628141 0.431246 0.439231 -0.00176606 0.00404697 0.0555579 0.00145629 0.0500954 -0.00746349 0.998715
0.271 -0.385934 -0.0853373 -0.0856319 -0.0335989 -0.0328254 -0.317434 -0.293827 -0.0664022 -0.0904343 0.635435 0.632447 0.434383 0.442541 -0.00178429 0.00407682 0.0552075 0.00150733 0.0506898 -0.00754201 0.998685
0.272 -0.389991 -0.0863964 -0.0867091 -0.0338814 -0.0331014 -0.319367 -0.295494 -0.0669967 -0.0914029 0.63968 0.636749 0.437521 0.445853 -0.00180243 0.00410659 0.0548568 0.00155916 0.0512851 -0.00762079 0.998654
0.273 -0.394052 -0.0874633 -0.087795 -0.0341632 -0.0333765 -0.321305 -0.297165 -0.0676054 -0.0923891 0.643921 0.641049 0.440659 0.449167 -0.00182046 0.00413628 0.0545061 0.00161176 0.0518815 -0.00769984 0.998622
0.274 -0.398119 -0.0885381 -0.0888893 -0.0344443 -0.0336508 -0.323248 -0.298838 -0.0682282 -0.093393 0.648158 0.645345 0.443798 0.452483 -0.0018384 0.0041659 0.0541552 0.00166514 0.0524787 -0.00777916 0.99859
0.275 -0.40219 -0.0896207 -0.0899924 -0.0347246 -0.0339242 -0.325197 -0.300514 -0.0688652 -0.0944149 0.65239 0.649637 0.446937 0.455801 -0.00185624 0.00419543 0.0538042 0.00171928 0.0530768 -0.00785873 0.998558
0.276 -0.406266 -0.0907113 -0.091104 -0.035004 -0.0341966 -0.327151 -0.302194 -0.0695165 -0.0954546 0.656617 0.653926 0.450076 0.45912 -0.00187397 0.00422488 0.0534531 0.00177418 0.0536758 -0.00793856 0.998525
0.277 -0.410346 -0.0918098 -0.0922245 -0.0352825 -0.034468 -0.329111 -0.303878 -0.0701822 -0.0965124 0.66084 0.658212 0.453215 0.462441 -0.0018916 0.00425424 0.0531019 0.00182985 0.0542757 -0.00801866 0.998492
0.278 -0.414431 -0.0929162 -0.0933537 -0.0355601 -0.0347383 -0.331076 -0.305565 -0.0708624 -0.0975883 0.665058 0.662495 0.456354 0.465763 -0.00190911 0.00428351 0.0527506 0.00188626 0.0548763 -0.00809901 0.998459
0.279 -0.418519 -0.0940307 -0.0944917 -0.0358366 -0.0350075 -0.333048 -0.307256 -0.071557 -0.0986823 0.669272 0.666774 0.459494 0.469086 -0.00192652 0.0043127 0.0523992 0.00194343 0.0554777 -0.00817962 0.998425
0.28 -0.422612 -0.0951531 -0.0956386 -0.036112 -0.0352754 -0.335026 -0.308952 -0.0722663 -0.0997945 0.673481 0.67105 0.462633 0.472411 -0.00194382 0.0043418 0.0520478 0.00200135 0.0560798 -0.00826049 0.99839
0.281 -0.426708 -0.0962836 -0.0967944 -0.0363863 -0.0355421 -0.337011 -0.310651 -0.0729902 -0.100925 0.677686 0.675322 0.465772 0.475736 -0.001961 0.00437081 0.0516963 0.00206 0.0566827 -0.00834161 0.998355
0.282 -0.430809 -0.0974221 -0.0979591 -0.0366593 -0.0358074 -0.339002 -0.312355 -0.0737289 -0.102074 0.681886 0.679591 0.46891 0.479062 -0.00197807 0.00439973 0.0513448 0.00211939 0.0572862 -0.00842299 0.99832
0.283 -0.434913 -0.0985687 -0.0991329 -0.036931 -0.0360713 -0.341 -0.314063 -0.0744822 -0.103241 0.686082 0.683856 0.472048 0.482389 -0.00199502 0.00442856 0.0509932 0.00217952 0.0578904 -0.00850462 0.998284
0.284 -0.43902 -0.0997234 -0.100316 -0.0372014 -0.0363338 -0.343005 -0.315776 -0.0752504 -0.104427 0.690273 0.688118 0.475185 0.485716 -0.00201186 0.00445729 0.0506416 0.00224036 0.0584952 -0.0085865 0.998248
