0 0 0 0 0 0 0 0 0 0 0 0 0 0 0 0 0.1 0 0 0 1
0.001 -4.30047e-20 -5.37149e-19 -4.20401e-19 7.26677e-20 -3.24199e-20 -2.00064e-18 -1.57564e-18 9.88853e-19 1.40454e-18 5.33695e-18 4.24477e-18 -1.8555e-18 -2.89553e-18 3.31176e-21 4.49166e-21 0.0999902 -5.59284e-21 -1.71531e-20 -2.18911e-20 1
0.002 2.02708e-10 -3.31941e-10 3.33807e-10 -2.67702e-10 2.64493e-10 4.42205e-10 4.42883e-10 5.95453e-10 5.94193e-10 -4.97464e-10 -4.99531e-10 -7.45196e-10 -7.42688e-10 -8.5414e-14 -1.29031e-15 0.0999706 1.35007e-13 -4.31764e-11 1.27356e-13 1
0.003 1.216e-09 -1.99101e-09 2.0022e-09 -1.60578e-09 1.58653e-09 2.65304e-09 2.6571e-09 3.57218e-09 3.56462e-09 -2.98481e-09 -2.99721e-09 -4.47065e-09 -4.45561e-09 -5.09731e-13 -7.72249e-15 0.0999411 8.0985e-13 -2.59001e-10 7.63717e-13 1
0.004 4.05234e-09 -6.63329e-09 6.67053e-09 -5.35032e-09 5.28622e-09 8.84142e-09 8.85497e-09 1.19029e-08 1.18778e-08 -9.94708e-09 -9.98837e-09 -1.48962e-08 -1.48461e-08 -1.69379e-12 -2.56636e-14 0.0999019 2.69871e-12 -8.63089e-10 2.54313e-12 1
0.005 1.0128e-08 -1.65715e-08 1.66644e-08 -1.33681e-08 1.3208e-08 2.20952e-08 2.2129e-08 2.97405e-08 2.96777e-08 -2.48564e-08 -2.49595e-08 -3.72154e-08 -3.70903e-08 -4.23015e-12 -6.39306e-14 0.0998529 6.74446e-12 -2.15696e-09 6.34846e-12 1
0.006 2.12618e-08 -3.47689e-08 3.49635e-08 -2.80525e-08 2.7717e-08 4.63758e-08 4.64467e-08 6.24075e-08 6.22756e-08 -5.21635e-08 -5.23795e-08 -7.80793e-08 -7.78171e-08 -8.89247e-12 -1.33705e-13 0.099794 1.41577e-11 -4.5277e-09 1.33061e-11 1
0.007 3.96741e-08 -6.48314e-08 6.51935e-08 -5.23185e-08 5.16936e-08 8.65107e-08 8.66427e-08 1.16382e-07 1.16137e-07 -9.72858e-08 -9.76881e-08 -1.45574e-07 -1.45086e-07 -1.66498e-11 -2.48427e-13 0.0997253 2.64156e-11 -8.44756e-09 2.47793e-11 1
0.008 6.79846e-08 -1.10998e-07 1.11616e-07 -8.95965e-08 8.85279e-08 1.48185e-07 1.4841e-07 1.99283e-07 1.98862e-07 -1.66593e-07 -1.67281e-07 -2.49195e-07 -2.48359e-07 -2.86858e-11 -4.23676e-13 0.0996468 4.52607e-11 -1.44734e-08 4.23596e-11 1
0.009 1.09211e-07 -1.78128e-07 1.79118e-07 -1.43825e-07 1.42112e-07 2.37929e-07 2.38291e-07 3.19847e-07 3.19172e-07 -2.6739e-07 -2.68492e-07 -3.99811e-07 -3.98472e-07 -4.64222e-11 -6.77027e-13 0.0995586 7.26988e-11 -2.32462e-08 6.78569e-11 1
0.01 1.66767e-07 -2.71692e-07 2.73196e-07 -2.1944e-07 2.16833e-07 3.6311e-07 3.6366e-07 4.87907e-07 4.86878e-07 -4.07897e-07 -4.09574e-07 -6.09631e-07 -6.07592e-07 -7.15472e-11 -1.0279e-12 0.0994605 1.10997e-10 -3.54902e-08 1.03289e-10 1
0.011 2.44457e-07 -3.9775e-07 3.99944e-07 -3.2137e-07 3.1756e-07 5.31912e-07 5.32716e-07 7.14368e-07 7.12863e-07 -5.97225e-07 -5.99676e-07 -8.92163e-07 -8.89181e-07 -1.06048e-10 -1.49738e-12 0.0993526 1.62683e-10 -5.20123e-08 1.50867e-10 1
0.012 3.46478e-07 -5.62942e-07 5.66035e-07 -4.55021e-07 4.4964e-07 7.53327e-07 7.54462e-07 1.01118e-06 1.00905e-06 -8.45356e-07 -8.48816e-07 -1.26216e-06 -1.25795e-06 -1.52246e-10 -2.10806e-12 0.0992348 2.30539e-10 -7.37009e-08 2.12986e-10 1
0.013 4.77412e-07 -7.74467e-07 7.78704e-07 -6.26267e-07 6.1888e-07 1.03713e-06 1.03869e-06 1.39129e-06 1.38837e-06 -1.16311e-06 -1.16786e-06 -1.73559e-06 -1.72981e-06 -2.12838e-10 -2.8838e-12 0.0991073 3.17603e-10 -1.01525e-07 2.92206e-10 1
0.014 6.42224e-07 -1.04006e-06 1.04572e-06 -8.41435e-07 8.31539e-07 1.39389e-06 1.39597e-06 1.86865e-06 1.86473e-06 -1.56212e-06 -1.56848e-06 -2.32956e-06 -2.32181e-06 -2.9094e-10 -3.84957e-12 0.09897 4.27162e-10 -1.36534e-07 3.91237e-10 1
0.015 8.46259e-07 -1.36799e-06 1.3754e-06 -1.1073e-06 1.09431e-06 1.83488e-06 1.83761e-06 2.45815e-06 2.45299e-06 -2.05481e-06 -2.06315e-06 -3.06228e-06 -3.0521e-06 -3.9013e-10 -5.03122e-12 0.0988228 5.62751e-10 -1.79855e-07 5.12927e-10 1
0.016 1.09523e-06 -1.767e-06 1.77651e-06 -1.43105e-06 1.41433e-06 2.37216e-06 2.37568e-06 3.17557e-06 3.16891e-06 -2.65434e-06 -2.66507e-06 -3.95299e-06 -3.93988e-06 -5.14502e-10 -6.45525e-12 0.0986659 7.28146e-10 -2.32692e-07 6.60241e-10 1
0.017 1.39523e-06 -2.24633e-06 2.25835e-06 -1.8203e-06 1.7991e-06 3.01846e-06 3.02292e-06 4.03758e-06 4.02913e-06 -3.3746e-06 -3.3882e-06 -5.02192e-06 -5.0053e-06 -6.68713e-10 -8.14863e-12 0.0984992 9.27361e-10 -2.96325e-07 8.36244e-10 1
0.018 1.75271e-06 -2.81565e-06 2.83062e-06 -2.28305e-06 2.25657e-06 3.78723e-06 3.79279e-06 5.0617e-06 5.05111e-06 -4.23017e-06 -4.24716e-06 -6.29023e-06 -6.26944e-06 -8.5804e-10 -1.01385e-11 0.0983226 1.16464e-09 -3.72108e-07 1.04409e-09 1
0.019 2.17448e-06 -3.48508e-06 3.50348e-06 -2.82769e-06 2.79502e-06 4.69256e-06 4.69942e-06 6.26621e-06 6.25312e-06 -5.23628e-06 -5.25722e-06 -7.7799e-06 -7.75424e-06 -1.08843e-09 -1.24521e-11 0.0981362 1.44447e-09 -4.61469e-07 1.28698e-09 1
0.02 2.66768e-06 -4.26512e-06 4.28748e-06 -3.46296e-06 3.42312e-06 5.74922e-06 5.75758e-06 7.67017e-06 7.65417e-06 -6.40878e-06 -6.4343e-06 -9.51376e-06 -9.48245e-06 -1.36656e-09 -1.51163e-11 0.0979401 1.77153e-09 -5.65905e-07 1.5682e-09 1
0.021 3.23983e-06 -5.16665e-06 5.19353e-06 -4.19796e-06 4.14988e-06 6.97259e-06 6.98267e-06 9.29336e-06 9.27401e-06 -7.7641e-06 -7.79488e-06 -1.15153e-05 -1.14775e-05 -1.6999e-09 -1.81577e-11 0.0977341 2.15075e-09 -6.86982e-07 1.89104e-09 1
0.022 3.89876e-06 -6.2009e-06 6.23291e-06 -5.0421e-06 4.98461e-06 8.37863e-06 8.39068e-06 1.11562e-05 1.1133e-05 -9.31923e-06 -9.35601e-06 -1.38089e-05 -1.37637e-05 -2.09676e-09 -2.1602e-11 0.0975183 2.58722e-09 -8.26336e-07 2.2588e-09 1
0.023 4.65264e-06 -7.37942e-06 7.41719e-06 -6.00511e-06 5.93697e-06 9.98392e-06 9.99819e-06 1.32799e-05 1.32523e-05 -1.10917e-05 -1.11353e-05 -1.64192e-05 -1.63656e-05 -2.56635e-09 -2.54744e-11 0.0972927 3.08628e-09 -9.85664e-07 2.67479e-09 1
0.024 1.61241e-05 0.00032885 0.000379518 -0.000490983 -0.000549269 9.17251e-05 -0.000233397 -2.71017e-05 0.000434194 -0.000302883 0.000239821 5.73898e-05 -0.00113132 1.00113e-05 -3.31665e-05 0.0972846 1.76726e-06 -8.35366e-07 -3.00711e-07 1
0.025 -6.39577e-05 0.000741709 0.000834052 -0.00101721 -0.0011808 0.000262105 -0.000413946 -1.98679e-05 0.000994394 -0.000675199 0.00046085 0.000110339 -0.00243815 5.02221e-06 -2.81458e-05 0.0972731 1.64919e-06 -1.58032e-06 -1.62247e-06 1
0.026 -7.84562e-05 0.000875732 0.000988621 -0.00119498 -0.00139717 0.000312038 -0.000488783 -2.46625e-05 0.00117199 -0.000809351 0.000545216 0.000126507 -0.00286192 4.12681e-06 -3.22878e-05 0.0972707 1.93045e-06 -1.80383e-06 -1.91998e-06 1
0.027 -0.000129966 0.00114457 0.00129748 -0.00153497 -0.00181942 0.000429017 -0.000610447 -2.10842e-05 0.00153727 -0.00108138 0.000693841 0.000150814 -0.00369473 -1.80889e-06 -2.95476e-05 0.0972626 1.96575e-06 -2.49931e-06 -2.709e-06 1
0.028 -0.000163123 0.00148866 0.00166923 -0.00196796 -0.00236494 0.000549114 -0.000792926 -3.27955e-05 0.00196916 -0.00140327 0.000869874 0.000172899 -0.00470613 -5.19798e-06 -4.10544e-05 0.0972563 2.82899e-06 -3.20671e-06 -3.3342e-06 1
0.029 -0.000183528 0.00169579 0.00188727 -0.00222328 -0.00269172 0.000621095 -0.000900484 -3.95928e-05 0.00222407 -0.00159263 0.000969589 0.000184546 -0.00529591 -7.28646e-06 -4.75262e-05 0.0972523 3.35214e-06 -3.65744e-06 -3.6776e-06 1
0.03 -0.000204102 0.00195034 0.00216361 -0.00254264 -0.00310631 0.000708871 -0.00104259 -5.12332e-05 0.00253732 -0.00183492 0.00110141 0.000198269 -0.0060189 -9.20759e-06 -5.80044e-05 0.0972479 4.16588e-06 -4.2176e-06 -4.01184e-06 1
0.031 -0.000218924 0.00213036 0.00236349 -0.00276996 -0.00340558 0.000772327 -0.00114524 -6.00526e-05 0.00275988 -0.00201042 0.00119753 0.000208495 -0.00652705 -1.05524e-05 -6.54481e-05 0.0972446 4.77167e-06 -4.64016e-06 -4.21927e-06 1
0.032 -0.000232892 0.00229733 0.00255291 -0.00298218 -0.00368867 0.000832365 -0.00124242 -6.88521e-05 0.00296717 -0.00217677 0.00128935 0.000218726 -0.00699534 -1.17804e-05 -7.23908e-05 0.0972416 5.36237e-06 -5.05671e-06 -4.38454e-06 1
0.033 -0.00024592 0.00245066 0.00273044 -0.00317829 -0.00395359 0.000888517 -0.0013334 -7.755e-05 0.00315824 -0.00233253 0.00137605 0.000229032 -0.00742253 -1.28906e-05 -7.87937e-05 0.0972387 5.93118e-06 -5.46231e-06 -4.51145e-06 1
0.034 -0.000258035 0.00259109 0.00289622 -0.00335902 -0.00420064 0.000940819 -0.00141828 -8.61199e-05 0.00333385 -0.00247771 0.00145759 0.000239487 -0.00781112 -1.38912e-05 -8.4676e-05 0.097236 6.47618e-06 -5.85529e-06 -4.60498e-06 1
0.035 -0.000269269 0.0027194 0.0030505 -0.00352511 -0.0044303 0.000989353 -0.0014972 -9.45315e-05 0.00349478 -0.00261247 0.001534 0.000250114 -0.00816364 -1.47905e-05 -9.00609e-05 0.0972335 6.99601e-06 -6.23432e-06 -4.66974e-06 1
0.036 -0.000279657 0.00283637 0.00319363 -0.00367739 -0.00464317 0.00103424 -0.00157034 -0.000102754 0.00364189 -0.00273709 0.00160536 0.000260897 -0.00848266 -1.55966e-05 -9.49747e-05 0.0972312 7.48983e-06 -6.59841e-06 -4.70999e-06 1
0.037 -0.000289242 0.0029428 0.00332606 -0.00381672 -0.00483997 0.00107563 -0.00163795 -0.000110759 0.00377608 -0.00285196 0.00167179 0.000271801 -0.00877078 -1.63177e-05 -9.94461e-05 0.0972291 7.95728e-06 -6.94686e-06 -4.72958e-06 1
0.038 -0.000298066 0.00303948 0.00344829 -0.00394397 -0.00502151 0.0011137 -0.00170031 -0.000118522 0.00389824 -0.00295755 0.00173349 0.000282771 -0.00903053 -1.69614e-05 -0.000103505 0.0972271 8.39839e-06 -7.27926e-06 -4.73198e-06 1
0.039 -0.000306174 0.00312719 0.00356088 -0.00406002 -0.00518865 0.00114864 -0.0017577 -0.000126021 0.00400928 -0.00305437 0.00179066 0.000293749 -0.00926435 -1.75351e-05 -0.000107182 0.0972253 8.81354e-06 -7.59547e-06 -4.72025e-06 1
0.04 -0.000360779 0.00347408 0.0040037 -0.00449851 -0.00583183 0.00130164 -0.0019529 -0.000144289 0.00445647 -0.00343621 0.00199351 0.000334022 -0.0101703 -2.57053e-05 -0.000110382 0.0972149 9.91734e-06 -9.18585e-06 -4.86668e-06 1
0.041 -0.000349375 0.00411037 0.0048589 -0.00543884 -0.00717985 0.0015353 -0.00249892 -0.000227892 0.00523723 -0.00420535 0.00252099 0.000395574 -0.0119039 -1.29045e-06 -0.000172768 0.0971954 1.50944e-05 -1.04325e-05 -3.80182e-06 1
0.042 -0.000458519 0.00479839 0.00576788 -0.00633762 -0.00852163 0.00185839 -0.0029121 -0.000257079 0.00613544 -0.00501254 0.00295433 0.000448712 -0.0137024 -9.31582e-06 -0.000180053 0.0971738 1.75862e-05 -1.3456e-05 -3.98852e-06 1
0.043 -0.000548389 0.00551595 0.00668385 -0.0072705 -0.00992506 0.0021798 -0.00337899 -0.000307772 0.00703718 -0.00584463 0.00344666 0.000535218 -0.0155095 -1.11265e-05 -0.000198381 0.0971592 2.0798e-05 -1.63464e-05 -3.89421e-06 1
0.044 -0.000627674 0.00624924 0.00760363 -0.00822276 -0.0113652 0.00250045 -0.00387607 -0.000370782 0.00794023 -0.0066892 0.00397502 0.000641845 -0.0173202 -9.29442e-06 -0.000222484 0.0971439 2.44444e-05 -1.92146e-05 -3.53592e-06 1
0.045 -0.00070324 0.00700074 0.00852882 -0.00919333 -0.0128428 0.00282545 -0.00439788 -0.000443337 0.00885106 -0.00754626 0.00453931 0.000771833 -0.0191385 -4.58486e-06 -0.000249264 0.0971282 2.83683e-05 -2.21038e-05 -2.98964e-06 1
0.046 -0.000781973 0.00777173 0.00945934 -0.0101827 -0.0143599 0.0031611 -0.00494091 -0.00052156 0.00977492 -0.00841695 0.00514366 0.000927128 -0.0209668 3.69255e-06 -0.000275593 0.0971125 3.24108e-05 -2.49877e-05 -2.32718e-06 1
0.047 -0.000864078 0.00856165 0.010393 -0.0111923 -0.0159186 0.0035077 -0.0055078 -0.000604842 0.0107121 -0.00929927 0.00579501 0.00110892 -0.0228065 1.69047e-05 -0.00030143 0.0970972 3.65663e-05 -2.78013e-05 -1.54209e-06 1
0.048 -0.000948479 0.00937638 0.0113346 -0.0122158 -0.0175129 0.0038582 -0.0060929 -0.000698462 0.0116684 -0.0101843 0.00648068 0.0013237 -0.0246662 2.92517e-05 -0.000327427 0.0970819 4.08642e-05 -3.08241e-05 -6.1641e-07 1
0.049 -0.00103529 0.0102153 0.0122834 -0.0132537 -0.0191437 0.00421347 -0.00669684 -0.000802062 0.0126429 -0.0110731 0.00720208 0.00157136 -0.0265445 4.13334e-05 -0.000353482 0.0970669 4.53066e-05 -3.40348e-05 4.54721e-07 1
0.05 -0.00112449 0.0110786 0.0132395 -0.0143059 -0.0208111 0.00457356 -0.00731961 -0.000915798 0.0136357 -0.0119656 0.00795922 0.00185228 -0.0284409 5.31325e-05 -0.000379571 0.097052 4.98984e-05 -3.74415e-05 1.67767e-06 1
0.051 -0.00121607 0.011966 0.0142026 -0.0153723 -0.0225155 0.00493867 -0.00796129 -0.0010397 0.0146463 -0.0128621 0.00875221 0.00216648 -0.0303548 6.4721e-05 -0.000405673 0.0970373 5.46446e-05 -4.1048e-05 3.05899e-06 1
0.052 -0.00130994 0.0128774 0.0151726 -0.0164528 -0.0242572 0.00530905 -0.00862198 -0.00117362 0.0156746 -0.0137632 0.00958108 0.00251341 -0.0322855 7.6236e-05 -0.00043178 0.0970228 5.95511e-05 -4.48552e-05 4.60565e-06 1
0.053 -0.00140602 0.0138128 0.0161494 -0.0175472 -0.0260362 0.00568473 -0.00930166 -0.00131761 0.0167204 -0.014669 0.0104456 0.00289279 -0.0342327 8.76472e-05 -0.0004579 0.0970084 6.46243e-05 -4.88721e-05 6.32498e-06 1
0.054 -0.00150423 0.0147721 0.0171328 -0.0186554 -0.0278528 0.0060658 -0.0100003 -0.00147165 0.0177834 -0.0155797 0.0113455 0.00330429 -0.0361959 9.8968e-05 -0.000484035 0.0969941 6.98707e-05 -5.31057e-05 8.22432e-06 1
0.055 -0.00160447 0.0157553 0.0181228 -0.0197773 -0.0297071 0.00645234 -0.010718 -0.00163577 0.0188636 -0.0164957 0.0122807 0.00374763 -0.0381745 0.0001102 -0.000510192 0.09698 7.52968e-05 -5.75641e-05 1.03111e-05 1
0.056 -0.00170665 0.0167623 0.0191193 -0.0209126 -0.0315994 0.00684443 -0.0114547 -0.00181 0.0199606 -0.017417 0.013251 0.00422251 -0.0401682 0.000121349 -0.000536374 0.096966 8.09095e-05 -6.22553e-05 1.25929e-05 1
0.057 -0.00181069 0.0177931 0.0201223 -0.0220612 -0.0335298 0.00724212 -0.0122104 -0.00199434 0.0210743 -0.018344 0.0142563 0.00472867 -0.0421763 0.000132416 -0.000562585 0.0969521 8.67157e-05 -6.71876e-05 1.50772e-05 1
0.058 -0.00191648 0.0188477 0.0211316 -0.0232231 -0.0354986 0.00764549 -0.0129851 -0.00218885 0.0222045 -0.0192768 0.0152964 0.00526584 -0.0441984 0.000143405 -0.000588831 0.0969383 9.27227e-05 -7.23698e-05 1.77716e-05 1
0.059 -0.00202385 0.0199243 0.0221509 -0.0243972 -0.0375047 0.00805345 -0.013777 -0.00239432 0.0233517 -0.0202146 0.0163671 0.00583456 -0.0462348 0.000153337 -0.000615158 0.0969245 9.89404e-05 -7.78582e-05 2.06837e-05 1
0.06 -0.00213265 0.0210184 0.0231869 -0.0255824 -0.0395472 0.00846491 -0.0145831 -0.00261133 0.0245159 -0.0211576 0.0174618 0.00643443 -0.0482849 0.000161189 -0.000641575 0.0969108 0.000105381 -8.37137e-05 2.38186e-05 1
0.061 -0.00224281 0.0221268 0.0242418 -0.0267792 -0.0416266 0.00888066 -0.0154027 -0.002839 0.0256959 -0.0221077 0.0185789 0.00706294 -0.0503459 0.000167457 -0.000668012 0.096897 0.000112054 -8.99255e-05 2.71797e-05 1
0.062 -0.00235433 0.0232479 0.0253154 -0.0279884 -0.0437439 0.00930194 -0.0162367 -0.00307625 0.02689 -0.0230671 0.0197198 0.00771772 -0.0524154 0.00017309 -0.000694395 0.0968831 0.000118967 -9.64596e-05 3.07702e-05 1
0.063 -0.00246722 0.0243818 0.0264054 -0.0292111 -0.0459005 0.00973 -0.0170865 -0.00332211 0.0280973 -0.0240374 0.0208874 0.00839714 -0.0544914 0.000179134 -0.00072066 0.0968692 0.000126128 -0.000103276 3.45942e-05 1
0.064 -0.00258146 0.0255296 0.0275091 -0.0304479 -0.0480973 0.0101657 -0.0179539 -0.00357612 0.0293171 -0.0250191 0.0220854 0.00910076 -0.0565731 0.000186352 -0.00074678 0.0968552 0.000133539 -0.000110345 3.86566e-05 1
0.065 -0.00269698 0.0266931 0.0286245 -0.0316987 -0.0503346 0.0106089 -0.0188395 -0.00383866 0.0305498 -0.0260115 0.0233155 0.00982958 -0.058661 0.000194736 -0.000772778 0.0968412 0.000141208 -0.000117675 4.29638e-05 1
0.066 -0.0028136 0.0278737 0.0297515 -0.0329627 -0.0526118 0.0110588 -0.0197427 -0.00411075 0.0317961 -0.0270132 0.0245763 0.0105853 -0.0607562 0.000203494 -0.000798716 0.0968271 0.000149143 -0.000125311 4.7523e-05 1
0.067 -0.00293119 0.0290708 0.0308923 -0.034239 -0.0549282 0.0115146 -0.0206624 -0.00439319 0.0330565 -0.0280236 0.0258653 0.0113688 -0.0628589 0.000211877 -0.000824627 0.0968131 0.000157353 -0.000133298 5.234e-05 1
0.068 -0.00304964 0.0302834 0.0320481 -0.0355274 -0.0572837 0.0119762 -0.0215978 -0.0046861 0.0343307 -0.029043 0.027181 0.0121799 -0.0649685 0.000219724 -0.000850506 0.096799 0.000165848 -0.000141655 5.74197e-05 1
0.069 -0.00316887 0.0315106 0.0332194 -0.0368281 -0.0596788 0.012444 -0.0225491 -0.00498922 0.0356181 -0.0300722 0.0285234 0.0130176 -0.0670836 0.000227272 -0.000876328 0.0967848 0.000174638 -0.000150382 6.27664e-05 1
0.07 -0.0032888 0.0327522 0.0344056 -0.0381415 -0.0621139 0.0129185 -0.0235167 -0.00530229 0.0369182 -0.0311118 0.0298933 0.0138814 -0.0692031 0.000234843 -0.000902075 0.0967705 0.00018373 -0.000159476 6.83845e-05 1
0.071 -0.00340936 0.0340083 0.035606 -0.0394675 -0.0645893 0.0133998 -0.0245009 -0.00562526 0.0382307 -0.0321621 0.0312917 0.0147709 -0.0713264 0.00024264 -0.000927739 0.0967562 0.000193133 -0.000168935 7.42786e-05 1
0.072 -0.00353044 0.0352793 0.0368202 -0.0408062 -0.0671053 0.0138881 -0.0255021 -0.00595827 0.0395555 -0.0332231 0.0327187 0.0156864 -0.073453 0.000250677 -0.000953324 0.0967418 0.000202857 -0.000178771 8.04533e-05 1
0.073 -0.00365194 0.0365655 0.038048 -0.0421574 -0.0696619 0.0143832 -0.0265201 -0.00630158 0.0408923 -0.0342946 0.0341745 0.0166282 -0.0755825 0.000258849 -0.000978833 0.0967273 0.00021291 -0.000188999 8.69132e-05 1
0.074 -0.00377375 0.0378666 0.0392897 -0.043521 -0.0722591 0.0148851 -0.0275549 -0.00665543 0.0422412 -0.0353766 0.0356585 0.0175963 -0.0777146 0.000267056 -0.00100427 0.0967127 0.000223301 -0.000199634 9.36626e-05 1
0.075 -0.00389577 0.0391827 0.0405454 -0.0448969 -0.0748971 0.0153938 -0.0286063 -0.00701996 0.043602 -0.0364693 0.0371707 0.0185909 -0.0798484 0.000275261 -0.00102963 0.096698 0.00023404 -0.00021069 0.000100706 1
0.076 -0.00401789 0.0405135 0.041815 -0.046285 -0.0775759 0.0159094 -0.0296744 -0.00739528 0.0449744 -0.0375729 0.0387111 0.0196118 -0.0819835 0.000283482 -0.00105491 0.0966833 0.000245138 -0.000222176 0.000108046 1
0.077 -0.00414001 0.041859 0.0430986 -0.0476853 -0.0802958 0.0164321 -0.0307593 -0.00778148 0.0463581 -0.0386874 0.0402796 0.020659 -0.0841192 0.000291752 -0.0010801 0.0966684 0.000256602 -0.000234105 0.000115688 1
0.078 -0.00426203 0.0432192 0.044396 -0.0490978 -0.0830569 0.0169617 -0.031861 -0.00817869 0.0477529 -0.0398131 0.0418765 0.0217325 -0.0862546 0.000300088 -0.00110521 0.0966535 0.000268444 -0.000246485 0.000123634 1
0.079 -0.00438383 0.044594 0.0457071 -0.0505224 -0.0858592 0.0174985 -0.0329796 -0.00858705 0.0491586 -0.04095 0.0435017 0.0228324 -0.0883893 0.000308493 -0.00113022 0.0966384 0.000280672 -0.00025933 0.000131888 1
0.08 -0.00450531 0.0459835 0.0470318 -0.0519591 -0.088703 0.0180424 -0.034115 -0.00900672 0.0505751 -0.0420982 0.0451554 0.0239587 -0.0905226 0.000316961 -0.00115514 0.0966232 0.000293298 -0.000272652 0.000140453 1
0.081 -0.00462635 0.0473877 0.0483701 -0.0534079 -0.0915883 0.0185935 -0.0352674 -0.00943787 0.0520019 -0.0432578 0.0468374 0.0251115 -0.0926538 0.000325488 -0.00117996 0.0966079 0.000306331 -0.000286463 0.000149331 1
0.082 -0.00474685 0.0488063 0.0497219 -0.0548686 -0.0945153 0.0191518 -0.0364367 -0.00988065 0.053439 -0.0444289 0.0485478 0.0262908 -0.0947823 0.00033407 -0.00120467 0.0965925 0.000319782 -0.000300776 0.000158525 1
0.083 -0.00486668 0.0502395 0.0510872 -0.0563413 -0.097484 0.0197174 -0.037623 -0.0103352 0.0548861 -0.0456117 0.0502867 0.0274967 -0.0969073 0.000342708 -0.00122928 0.096577 0.000333661 -0.000315604 0.000168038 1
0.084 -0.00498574 0.0516872 0.0524659 -0.0578259 -0.100495 0.0202904 -0.0388263 -0.0108017 0.056343 -0.0468061 0.0520539 0.0287292 -0.0990283 0.000351402 -0.00125378 0.0965613 0.000347978 -0.00033096 0.00017787 1
0.085 -0.0051039 0.0531494 0.0538579 -0.0593223 -0.103547 0.0208707 -0.0400466 -0.0112804 0.0578093 -0.0480122 0.0538497 0.0299885 -0.101144 0.000360153 -0.00127816 0.0965455 0.000362744 -0.000346856 0.000188025 1
0.086 -0.00522106 0.054626 0.0552631 -0.0608305 -0.106641 0.0214585 -0.041284 -0.0117714 0.059285 -0.0492303 0.0556739 0.0312746 -0.103255 0.00036896 -0.00130241 0.0965296 0.00037797 -0.000363306 0.000198503 1
0.087 -0.00533708 0.0561169 0.0566815 -0.0623504 -0.109778 0.0220537 -0.0425384 -0.0122748 0.0607697 -0.0504603 0.0575267 0.0325875 -0.105359 0.000377823 -0.00132654 0.0965135 0.000393667 -0.000380323 0.000209305 1
0.088 -0.00545186 0.0576223 0.058113 -0.0638821 -0.112957 0.0226564 -0.04381 -0.0127909 0.0622632 -0.0517024 0.0594079 0.0339274 -0.107457 0.000386739 -0.00135054 0.0964973 0.000409845 -0.00039792 0.000220431 1
0.089 -0.00556526 0.0591419 0.0595575 -0.0654253 -0.116178 0.0232667 -0.0450987 -0.0133199 0.0637652 -0.0529566 0.0613177 0.0352944 -0.109547 0.00039571 -0.0013744 0.096481 0.000426516 -0.000416113 0.000231883 1
0.09 -0.00567717 0.0606758 0.0610149 -0.0669802 -0.119441 0.0238845 -0.0464045 -0.0138619 0.0652756 -0.0542229 0.063256 0.0366885 -0.111628 0.000404732 -0.00139811 0.0964645 0.000443689 -0.000434913 0.000243661 1
0.091 -0.00578746 0.0622239 0.0624851 -0.0685466 -0.122747 0.02451 -0.0477275 -0.0144171 0.066794 -0.0555016 0.0652229 0.0381098 -0.113701 0.000413807 -0.00142168 0.0964478 0.000461378 -0.000454336 0.000255763 1
0.092 -0.005896 0.0637862 0.0639681 -0.0701244 -0.126094 0.0251432 -0.0490677 -0.0149858 0.0683202 -0.0567926 0.0672183 0.0395586 -0.115763 0.000422931 -0.00144509 0.096431 0.000479592 -0.000474395 0.000268189 1
0.093 -0.00600267 0.0653626 0.0654638 -0.0717137 -0.129485 0.0257841 -0.0504251 -0.0155681 0.0698539 -0.0580961 0.0692423 0.0410347 -0.117815 0.000432106 -0.00146833 0.096414 0.000498343 -0.000495105 0.000280939 1
0.094 -0.00610734 0.0669532 0.066972 -0.0733144 -0.132918 0.0264327 -0.0517997 -0.0161642 0.071395 -0.059412 0.0712948 0.0425385 -0.119856 0.000441328 -0.00149142 0.0963969 0.000517643 -0.000516479 0.000294009 1
0.095 -0.00620988 0.0685578 0.0684927 -0.0749264 -0.136393 0.0270891 -0.0531915 -0.0167744 0.072943 -0.0607405 0.0733758 0.0440699 -0.121884 0.000450597 -0.00151432 0.0963795 0.000537502 -0.000538533 0.000307399 1
0.096 -0.00631017 0.0701764 0.0700257 -0.0765496 -0.139911 0.0277533 -0.0546006 -0.0173988 0.0744979 -0.0620816 0.0754854 0.0456291 -0.1239 0.000459911 -0.00153705 0.0963621 0.000557932 -0.000561281 0.000321106 1
0.097 -0.00640806 0.071809 0.071571 -0.078184 -0.143471 0.0284253 -0.0560269 -0.0180377 0.0760593 -0.0634354 0.0776236 0.0472163 -0.125902 0.00046927 -0.00155959 0.0963444 0.000578944 -0.000584737 0.000335127 1
0.098 -0.00650344 0.0734556 0.0731285 -0.0798295 -0.147073 0.0291053 -0.0574705 -0.0186912 0.077627 -0.0648019 0.0797902 0.0488315 -0.12789 0.000478672 -0.00158193 0.0963265 0.00060055 -0.000608916 0.000349458 1
0.099 -0.00659616 0.075116 0.0746979 -0.0814861 -0.150718 0.0297931 -0.0589314 -0.0193597 0.0792007 -0.0661813 0.0819853 0.0504748 -0.129862 0.000488116 -0.00160408 0.0963085 0.000622761 -0.000633833 0.000364097 1
0.1 -0.0066861 0.0767902 0.0762794 -0.0831537 -0.154406 0.0304888 -0.0604095 -0.0200432 0.0807801 -0.0675735 0.0842089 0.0521465 -0.131819 0.0004976 -0.00162602 0.0962903 0.000645589 -0.000659503 0.000379038 1
0.101 -0.00677312 0.0784782 0.0778726 -0.0848322 -0.158136 0.0311926 -0.0619049 -0.0207421 0.082365 -0.0689785 0.086461 0.0538466 -0.133759 0.000507122 -0.00164774 0.0962718 0.000669045 -0.000685941 0.000394277 0.999999
0.102 -0.00685708 0.08018 0.0794775 -0.0865216 -0.161908 0.0319042 -0.0634175 -0.0214566 0.0839552 -0.0703966 0.0887414 0.0555753 -0.135682 0.000516683 -0.00166924 0.0962532 0.00069314 -0.000713161 0.000409809 0.999999
0.103 -0.00686578 0.0818632 0.0810794 -0.0882471 -0.165736 0.0325712 -0.0650275 -0.022212 0.0854909 -0.0718186 0.0911037 0.0573109 -0.137569 0.000543025 -0.00172366 0.09623 0.00071955 -0.000740308 0.000426408 0.999999
0.104 -0.0069294 0.0835709 0.0827304 -0.0899633 -0.169602 0.0332892 -0.0665767 -0.0229654 0.0870868 -0.0732643 0.093418 0.0590945 -0.139464 0.000554517 -0.00175149 0.0962127 0.000745333 -0.00076896 0.000442519 0.999999
0.105 -0.00703519 0.0852973 0.084398 -0.0916602 -0.17347 0.0340395 -0.0680697 -0.0237158 0.0887078 -0.0747133 0.0956906 0.0609029 -0.141333 0.000551596 -0.0017564 0.0961885 0.00077066 -0.000799164 0.000458437 0.999999
0.106 -0.00711663 0.0870231 0.0860823 -0.093389 -0.177408 0.0347984 -0.069618 -0.0244807 0.090322 -0.0762109 0.0980296 0.0627167 -0.143178 0.000560203 -0.00177165 0.0961692 0.000797192 -0.000829646 0.000474753 0.999999
0.107 -0.00718243 0.0887657 0.0877668 -0.0951321 -0.181389 0.0355558 -0.0712017 -0.0252667 0.0919308 -0.0777182 0.100417 0.0645566 -0.145 0.000571184 -0.00179221 0.0961489 0.000824686 -0.000860856 0.000491465 0.999999
0.108 -0.00724404 0.0905298 0.0894542 -0.0968849 -0.185411 0.0363186 -0.0728063 -0.0260711 0.093544 -0.0792315 0.10284 0.0664289 -0.146802 0.000581589 -0.00181276 0.0961285 0.000852895 -0.000892949 0.000508417 0.999999
0.109 -0.00730128 0.092315 0.0911442 -0.0986475 -0.189475 0.0370873 -0.0744326 -0.0268934 0.0951612 -0.0807514 0.105299 0.0683326 -0.148581 0.000591769 -0.0018333 0.0961079 0.000881832 -0.00092593 0.000525605 0.999999
0.11 -0.00735401 0.094121 0.0928368 -0.10042 -0.193581 0.0378618 -0.0760804 -0.0277338 0.0967819 -0.082278 0.107794 0.0702673 -0.150337 0.000601781 -0.00185382 0.0960872 0.000911513 -0.000959814 0.000543023 0.999999
0.111 -0.00740246 0.0959412 0.0945392 -0.102202 -0.197727 0.038644 -0.0777456 -0.0285922 0.0984057 -0.0838167 0.110318 0.0722329 -0.15207 0.000611582 -0.00187408 0.0960663 0.000941936 -0.000994621 0.000560658 0.999999
0.112 -0.00744654 0.0977746 0.0962522 -0.103995 -0.201915 0.0394343 -0.0794278 -0.0294687 0.100032 -0.0853683 0.112869 0.0742289 -0.153777 0.000621308 -0.00189404 0.0960452 0.000973112 -0.00103036 0.000578501 0.999999
0.113 -0.00748612 0.099621 0.0979755 -0.105797 -0.206144 0.0402326 -0.081127 -0.0303633 0.101662 -0.086933 0.115448 0.0762553 -0.155459 0.000631021 -0.00191367 0.0960238 0.00100505 -0.00106704 0.00059654 0.999999
0.114 -0.00752105 0.10148 0.0997088 -0.10761 -0.210413 0.0410391 -0.0828432 -0.0312762 0.103293 -0.0885108 0.118054 0.0783121 -0.157114 0.000640742 -0.00193299 0.0960022 0.00103777 -0.00110468 0.000614762 0.999999
0.115 -0.00755121 0.103353 0.101452 -0.109432 -0.214723 0.0418536 -0.0845764 -0.0322077 0.104926 -0.0901016 0.120689 0.0803996 -0.158742 0.000650478 -0.00195199 0.0959804 0.00107127 -0.0011433 0.000633156 0.999999
0.116 -0.00757645 0.105238 0.103205 -0.111263 -0.219074 0.0426763 -0.0863267 -0.0331581 0.106562 -0.0917055 0.12335 0.0825177 -0.160342 0.000660229 -0.00197065 0.0959583 0.00110556 -0.00118289 0.000651707 0.999998
0.117 -0.00759666 0.107136 0.104968 -0.113105 -0.223464 0.043507 -0.0880939 -0.0341275 0.108199 -0.0933225 0.12604 0.0846667 -0.161913 0.000669998 -0.00198897 0.0959359 0.00114066 -0.00122349 0.000670401 0.999998
0.118 -0.00761004 0.109022 0.106738 -0.114971 -0.227914 0.0443515 -0.0898894 -0.0351031 0.109829 -0.0949491 0.128768 0.0868282 -0.163451 0.0006944 -0.00200785 0.095914 0.00117662 -0.00126439 0.000689261 0.999998
0.119 -0.00761772 0.110908 0.108525 -0.116851 -0.232408 0.0452028 -0.091696 -0.0361025 0.111463 -0.0965785 0.131508 0.0890361 -0.164966 0.000722153 -0.00202661 0.0958923 0.00121334 -0.00130608 0.000708256 0.999998
0.12 -0.00761983 0.112797 0.110333 -0.118742 -0.236945 0.0460596 -0.0935098 -0.0371299 0.1131 -0.0982095 0.134254 0.0912982 -0.16646 0.000750925 -0.0020451 0.0958708 0.00125082 -0.00134869 0.000727372 0.999998
0.121 -0.00761629 0.114689 0.112161 -0.120644 -0.241523 0.0469218 -0.0953298 -0.0381866 0.114741 -0.0998424 0.137004 0.0936169 -0.167932 0.000780243 -0.00206326 0.0958495 0.00128906 -0.00139222 0.000746597 0.999998
0.122 -0.00760697 0.116584 0.114009 -0.122556 -0.246143 0.0477896 -0.0971553 -0.0392735 0.116386 -0.101478 0.139758 0.0959934 -0.169382 0.000810026 -0.00208105 0.0958284 0.00132805 -0.00143671 0.000765921 0.999998
0.123 -0.00759176 0.118481 0.115877 -0.124479 -0.250804 0.0486631 -0.0989862 -0.0403913 0.118035 -0.103116 0.142514 0.0984287 -0.170809 0.000840277 -0.00209842 0.0958074 0.0013678 -0.00148216 0.000785331 0.999998
0.124 -0.00757051 0.120381 0.117765 -0.126411 -0.255506 0.0495427 -0.100822 -0.0415407 0.119687 -0.104757 0.145273 0.100924 -0.172212 0.000871019 -0.00211535 0.0957867 0.00140831 -0.00152858 0.000804816 0.999998
0.125 -0.0075431 0.122284 0.119673 -0.128354 -0.26025 0.0504284 -0.102662 -0.0427225 0.121342 -0.106402 0.148033 0.10348 -0.173591 0.000902279 -0.0021318 0.0957661 0.00144959 -0.00157597 0.000824362 0.999997
0.126 -0.00750938 0.124188 0.1216 -0.130306 -0.265034 0.0513205 -0.104507 -0.0439375 0.122999 -0.108051 0.150794 0.106099 -0.174944 0.000934089 -0.00214774 0.0957457 0.00149162 -0.00162436 0.000843955 0.999997
0.127 -0.00746922 0.126095 0.123547 -0.132267 -0.269859 0.0522191 -0.106355 -0.0451865 0.124659 -0.109705 0.153555 0.10878 -0.176272 0.000966484 -0.00216313 0.0957254 0.00153442 -0.00167374 0.00086358 0.999997
0.128 -0.00742248 0.128004 0.125513 -0.134237 -0.274725 0.0531245 -0.108207 -0.0464703 0.126321 -0.111363 0.156316 0.111527 -0.177573 0.000999498 -0.00217794 0.0957053 0.00157798 -0.00172413 0.000883223 0.999997
0.129 -0.00736902 0.129915 0.127499 -0.136217 -0.279632 0.0540367 -0.110061 -0.0477899 0.127984 -0.113027 0.159076 0.114339 -0.178847 0.00103317 -0.00219213 0.0956853 0.00162228 -0.00177552 0.000902866 0.999997
0.13 -0.0073087 0.131828 0.129503 -0.138205 -0.284579 0.0549561 -0.111918 -0.0491462 0.129648 -0.114697 0.161833 0.117219 -0.180092 0.00106754 -0.00220567 0.0956655 0.00166734 -0.00182794 0.000922494 0.999997
0.131 -0.00724138 0.133742 0.131526 -0.140202 -0.289566 0.0558826 -0.113777 -0.0505403 0.131314 -0.116373 0.164588 0.120168 -0.181309 0.00110266 -0.00221851 0.0956459 0.00171313 -0.00188137 0.000942088 0.999996
0.132 -0.00716691 0.135658 0.133568 -0.142208 -0.294593 0.0568165 -0.115637 -0.051973 0.13298 -0.118055 0.167339 0.123188 -0.182497 0.00113857 -0.00223063 0.0956264 0.00175965 -0.00193584 0.000961629 0.999996
0.133 -0.00708515 0.137575 0.135629 -0.144222 -0.29966 0.0577579 -0.117499 -0.0534457 0.134647 -0.119744 0.170085 0.126281 -0.183655 0.00117533 -0.00224198 0.095607 0.0018069 -0.00199134 0.000981099 0.999996
0.134 -0.00699595 0.139493 0.137708 -0.146243 -0.304766 0.0587069 -0.11936 -0.0549594 0.136313 -0.12144 0.172825 0.129448 -0.184782 0.00121298 -0.00225252 0.0955878 0.00185484 -0.00204788 0.00100048 0.999996
0.135 -0.00689916 0.141413 0.139805 -0.148273 -0.309912 0.0596636 -0.121222 -0.0565155 0.137979 -0.123144 0.175558 0.132692 -0.185877 0.0012516 -0.00226222 0.0955687 0.00190347 -0.00210546 0.00101974 0.999995
0.136 -0.00679463 0.143333 0.14192 -0.15031 -0.315097 0.0606283 -0.123083 -0.0581151 0.139645 -0.124854 0.178284 0.136014 -0.186941 0.00129124 -0.00227104 0.0955497 0.00195278 -0.00216408 0.00103887 0.999995
0.137 -0.0066822 0.145254 0.144052 -0.152354 -0.320322 0.0616008 -0.124942 -0.0597598 0.141309 -0.126573 0.181001 0.139418 -0.187972 0.00133198 -0.00227893 0.0955309 0.00200273 -0.00222375 0.00105784 0.999995
0.138 -0.00656172 0.147175 0.146202 -0.154405 -0.325585 0.0625815 -0.1268 -0.061451 0.142972 -0.1283 0.183708 0.142905 -0.18897 0.0013739 -0.00228585 0.0955123 0.0020533 -0.00228447 0.00107662 0.999995
0.139 -0.0064829 0.149117 0.148365 -0.156428 -0.330834 0.0635867 -0.128574 -0.0631796 0.144651 -0.130002 0.186327 0.146497 -0.189923 0.00139686 -0.00226689 0.0954867 0.00210322 -0.00234723 0.00109467 0.999994
0.14 -0.00632576 0.150997 0.15052 -0.158535 -0.336229 0.0645922 -0.130497 -0.0649196 0.146288 -0.131764 0.189099 0.150051 -0.190845 0.00148063 -0.00228278 0.0954712 0.00215547 -0.00240809 0.00111313 0.999994
0.141 -0.00617568 0.152891 0.152697 -0.160635 -0.341641 0.0656042 -0.132373 -0.0667316 0.147932 -0.13351 0.191798 0.153748 -0.19174 0.00155388 -0.00228917 0.0954538 0.00220761 -0.00247044 0.00113118 0.999994
0.142 -0.00601978 0.15481 0.15491 -0.162723 -0.347064 0.0666129 -0.134208 -0.0686407 0.149584 -0.135248 0.194427 0.15763 -0.192611 0.00160738 -0.00229236 0.0954363 0.00225993 -0.00253474 0.00114887 0.999994
0.143 -0.00585556 0.156734 0.157143 -0.164812 -0.35252 0.0676281 -0.13603 -0.0706152 0.151233 -0.136993 0.197028 0.161632 -0.193447 0.00165824 -0.00229385 0.095419 0.00231262 -0.00260028 0.00116624 0.999993
0.144 -0.00568226 0.158657 0.159394 -0.166907 -0.358013 0.0686518 -0.137844 -0.0726503 0.152879 -0.138748 0.199609 0.165742 -0.194247 0.00171014 -0.00229397 0.0954018 0.00236569 -0.0026669 0.00118327 0.999993
0.145 -0.00549958 0.16058 0.16166 -0.169006 -0.363544 0.0696844 -0.139651 -0.0747469 0.15452 -0.140512 0.202171 0.169962 -0.19501 0.00176393 -0.00229272 0.0953847 0.00241908 -0.00273457 0.00119993 0.999993
0.146 -0.00530726 0.162502 0.163943 -0.17111 -0.369111 0.0707259 -0.14145 -0.0769077 0.156156 -0.142286 0.204711 0.174296 -0.195734 0.00181993 -0.00229006 0.0953678 0.00247273 -0.00280328 0.00121618 0.999992
0.147 -0.00510506 0.164423 0.166241 -0.173219 -0.374716 0.0717764 -0.14324 -0.0791354 0.157785 -0.144069 0.207228 0.17875 -0.19642 0.00187835 -0.00228593 0.0953511 0.00252658 -0.00287301 0.00123198 0.999992
0.148 -0.00480804 0.166326 0.168539 -0.175361 -0.380381 0.0727677 -0.145129 -0.0814687 0.159349 -0.145845 0.20982 0.183321 -0.197058 0.00195323 -0.00231984 0.0953294 0.00258252 -0.00294302 0.00124818 0.999992
0.149 -0.00457233 0.168278 0.170903 -0.177453 -0.386028 0.0738176 -0.146874 -0.0838984 0.160971 -0.147663 0.21224 0.18813 -0.197674 0.00198516 -0.00231832 0.0953147 0.00263696 -0.00301624 0.00126288 0.999991
0.15 -0.004342 0.170216 0.173264 -0.179551 -0.391716 0.0748908 -0.148612 -0.0863551 0.162584 -0.149489 0.214657 0.192986 -0.198235 0.00203037 -0.00230777 0.0952976 0.00269136 -0.00309016 0.00127695 0.999991
0.151 -0.00409785 0.172132 0.175624 -0.18167 -0.397461 0.0759806 -0.150366 -0.0888532 0.164182 -0.151334 0.217088 0.197904 -0.19875 0.002096 -0.00229766 0.0952809 0.00274593 -0.00316432 0.00129048 0.99999
0.152 -0.00389508 0.174061 0.177987 -0.183759 -0.403193 0.0770938 -0.152027 -0.0914195 0.165784 -0.153139 0.219413 0.202987 -0.199207 0.00214829 -0.00225962 0.0952572 0.00279899 -0.00324028 0.00130282 0.99999
0.153 -0.00360423 0.175914 0.180335 -0.185939 -0.409085 0.0782135 -0.153848 -0.0940088 0.167337 -0.155031 0.221897 0.20803 -0.199632 0.00227359 -0.00225978 0.095244 0.00285365 -0.00331373 0.00131516 0.99999
0.154 -0.00331571 0.17777 0.182694 -0.188117 -0.415003 0.0793396 -0.155616 -0.096716 0.168879 -0.156897 0.224293 0.213299 -0.200012 0.00239888 -0.00224969 0.0952291 0.00290697 -0.00338821 0.00132654 0.999989
0.155 -0.00301357 0.179635 0.185075 -0.190295 -0.420948 0.0804641 -0.157344 -0.0995658 0.170405 -0.158752 0.226608 0.218829 -0.200352 0.00252051 -0.00223687 0.0952148 0.00295909 -0.0034639 0.00133703 0.999989
0.156 -0.00270154 0.181534 0.187496 -0.192451 -0.426891 0.0815802 -0.159002 -0.102601 0.171926 -0.160588 0.228805 0.224714 -0.200653 0.00261657 -0.00221852 0.0952008 0.00300975 -0.00354192 0.00134651 0.999988
0.157 -0.00237547 0.183429 0.18993 -0.194609 -0.432873 0.0827051 -0.160638 -0.105759 0.173428 -0.162434 0.230957 0.230822 -0.200905 0.00271832 -0.00219767 0.0951872 0.00305921 -0.00362088 0.00135504 0.999988
0.158 -0.00203413 0.185315 0.192373 -0.196769 -0.438895 0.0838398 -0.162256 -0.109045 0.174909 -0.16429 0.233064 0.237158 -0.201109 0.00282887 -0.00217446 0.0951741 0.00310724 -0.00370066 0.00136255 0.999987
0.159 -0.00167645 0.187191 0.194826 -0.198933 -0.444961 0.084984 -0.163854 -0.11247 0.176366 -0.166155 0.235125 0.243745 -0.201262 0.00294965 -0.00214875 0.0951615 0.00315352 -0.00378121 0.00136897 0.999987
0.16 -0.00130102 0.189056 0.197285 -0.201102 -0.451072 0.0861378 -0.165432 -0.116047 0.177794 -0.16803 0.237138 0.250604 -0.201361 0.00308298 -0.00212051 0.0951496 0.00319767 -0.00386246 0.00137419 0.999986
0.161 -0.000905968 0.190906 0.19975 -0.203278 -0.457234 0.0873015 -0.16699 -0.11979 0.179189 -0.169914 0.239102 0.257761 -0.201405 0.00323228 -0.00208973 0.0951384 0.00323925 -0.0039443 0.00137811 0.999986
0.162 -0.000488466 0.192736 0.202216 -0.205466 -0.463454 0.0884752 -0.168533 -0.123713 0.180543 -0.171804 0.241019 0.265241 -0.20139 0.00340357 -0.00205671 0.0951282 0.00327771 -0.00402648 0.0013806 0.999986
0.163 -5.01817e-05 0.194593 0.204715 -0.207639 -0.469683 0.0896378 -0.170003 -0.127922 0.181863 -0.173667 0.24281 0.273262 -0.201316 0.00355901 -0.00201763 0.0951191 0.00331212 -0.00411091 0.00138144 0.999985
0.164 0.000409639 0.196466 0.207239 -0.209795 -0.475932 0.090799 -0.171414 -0.132404 0.183147 -0.175524 0.244499 0.281797 -0.201182 0.00370714 -0.00197259 0.0951107 0.00334226 -0.00419737 0.00138056 0.999985
0.165 0.000894869 0.198344 0.209782 -0.211942 -0.48221 0.0919608 -0.172781 -0.137154 0.184387 -0.17738 0.246106 0.290831 -0.200982 0.00385644 -0.00192286 0.0951032 0.00336782 -0.00428556 0.00137788 0.999984
0.166 0.00140931 0.200224 0.21234 -0.214085 -0.488524 0.0931238 -0.174112 -0.142185 0.185578 -0.179236 0.247642 0.30038 -0.200714 0.00401219 -0.00186918 0.0950966 0.00338826 -0.0043754 0.00137327 0.999984
0.167 0.00195708 0.202102 0.214909 -0.216224 -0.49488 0.0942873 -0.175409 -0.147517 0.186712 -0.181091 0.249111 0.31048 -0.200372 0.00417811 -0.00181196 0.0950911 0.00340286 -0.00446686 0.00136658 0.999983
0.168 0.0025429 0.203976 0.217489 -0.218363 -0.501281 0.0954496 -0.176675 -0.153183 0.18778 -0.182944 0.250515 0.321188 -0.199952 0.00435689 -0.00175143 0.0950869 0.00341073 -0.00456003 0.0013576 0.999983
0.169 0.00325637 0.205885 0.2201 -0.220503 -0.507707 0.0965232 -0.177972 -0.159323 0.188724 -0.184764 0.251888 0.332705 -0.199444 0.00452546 -0.0017254 0.0950777 0.00341263 -0.00465621 0.00134687 0.999982
0.17 0.00394381 0.207811 0.222748 -0.222598 -0.514148 0.0976616 -0.179134 -0.165819 0.189644 -0.186645 0.253093 0.344911 -0.198857 0.00468623 -0.00166295 0.0950767 0.00340497 -0.00475558 0.00133254 0.999982
0.171 0.00464537 0.209739 0.225385 -0.224691 -0.520617 0.0987937 -0.180229 -0.172687 0.190482 -0.188437 0.254212 0.35781 -0.198167 0.00486376 -0.00157953 0.0950715 0.0033873 -0.00485726 0.00131501 0.999982
0.172 0.00543872 0.211658 0.228038 -0.2268 -0.527164 0.0999078 -0.181345 -0.180021 0.19121 -0.190262 0.255315 0.371509 -0.197383 0.00506694 -0.00151034 0.0950711 0.0033596 -0.00496101 0.00129448 0.999981
0.173 0.00630509 0.213586 0.230709 -0.228902 -0.533759 0.101 -0.182427 -0.187905 0.191818 -0.192068 0.256344 0.386192 -0.196487 0.00528312 -0.00144016 0.0950721 0.00331922 -0.0050681 0.00127027 0.999981
0.174 0.00725776 0.215526 0.233401 -0.230993 -0.540403 0.102064 -0.183475 -0.196413 0.192285 -0.193853 0.257295 0.401985 -0.195466 0.00551128 -0.00137041 0.0950747 0.00326426 -0.00517914 0.00124195 0.99998
0.175 0.00831178 0.217485 0.236118 -0.233071 -0.547097 0.103089 -0.184487 -0.205626 0.192591 -0.195612 0.258162 0.419022 -0.194308 0.00574967 -0.00130262 0.0950787 0.00319254 -0.00529488 0.001209 0.99998
0.176 0.0095475 0.219515 0.238888 -0.235126 -0.553807 0.103997 -0.185498 -0.21572 0.192676 -0.197323 0.258951 0.437568 -0.192994 0.0059664 -0.00126617 0.0950785 0.00310306 -0.00541755 0.00117143 0.99998
0.177 0.010848 0.221576 0.241694 -0.237131 -0.560545 0.104905 -0.186404 -0.226556 0.192607 -0.19903 0.259595 0.457414 -0.191528 0.00618272 -0.00120727 0.0950827 0.00299267 -0.00554648 0.00112758 0.99998
0.178 0.0123167 0.223669 0.244541 -0.239118 -0.567343 0.105734 -0.187317 -0.238251 0.192315 -0.200716 0.260191 0.478678 -0.189896 0.00640752 -0.00116846 0.0950885 0.00286077 -0.00568198 0.00107783 0.999979
0.179 0.0139816 0.225836 0.24744 -0.241066 -0.57416 0.106441 -0.188217 -0.250918 0.191759 -0.202333 0.260705 0.50153 -0.188074 0.00661369 -0.00115439 0.0950895 0.00270521 -0.00582615 0.00102153 0.999979
0.18 0.0158562 0.228082 0.250402 -0.242964 -0.580992 0.107021 -0.189116 -0.264534 0.190935 -0.203908 0.261146 0.52586 -0.186058 0.0067967 -0.00117074 0.0950867 0.00252578 -0.00597925 0.000958113 0.999978
0.181 0.0179344 0.230404 0.253425 -0.244799 -0.587835 0.107477 -0.190014 -0.279022 0.189847 -0.205449 0.261522 0.551473 -0.183851 0.00695648 -0.00121676 0.0950797 0.00232292 -0.00614102 0.000887028 0.999978
0.182 0.0202067 0.232796 0.256507 -0.246561 -0.594682 0.107815 -0.190916 -0.294287 0.188507 -0.206962 0.261838 0.578141 -0.181455 0.00709328 -0.00129181 0.0950685 0.00209767 -0.00631087 0.000807852 0.999978
0.183 0.0226602 0.23525 0.259646 -0.248237 -0.601527 0.108041 -0.191823 -0.310216 0.18693 -0.208455 0.262105 0.605617 -0.178879 0.00720766 -0.00139535 0.0950527 0.00185166 -0.00648794 0.000720306 0.999977
0.184 0.0252629 0.237741 0.262818 -0.24981 -0.60832 0.108162 -0.192734 -0.326592 0.185149 -0.209929 0.26233 0.633473 -0.176148 0.00729988 -0.00152611 0.095032 0.00158869 -0.00666999 0.000624862 0.999976
0.185 0.0279718 0.240238 0.265992 -0.251261 -0.614999 0.108186 -0.193645 -0.343143 0.183205 -0.211378 0.262522 0.66122 -0.173302 0.00737076 -0.00168211 0.0950065 0.00131388 -0.00685406 0.000522529 0.999976
0.186 0.0307645 0.242727 0.269161 -0.252586 -0.621556 0.108126 -0.194561 -0.359745 0.18113 -0.212812 0.262693 0.688626 -0.170361 0.00742262 -0.00186258 0.0949759 0.00103039 -0.00703861 0.000413705 0.999975
0.187 0.0336001 0.245195 0.272316 -0.253793 -0.627994 0.108012 -0.195473 -0.376259 0.178964 -0.21424 0.262848 0.715476 -0.167345 0.00746412 -0.00205821 0.0949414 0.000740988 -0.00722182 0.000298706 0.999974
0.188 0.0364295 0.247634 0.275446 -0.254895 -0.634322 0.107885 -0.196355 -0.392593 0.176748 -0.215669 0.262973 0.741659 -0.164269 0.00750635 -0.00225189 0.0949059 0.000446713 -0.00740244 0.000177601 0.999972
0.189 0.0392556 0.25005 0.278558 -0.255901 -0.640554 0.107747 -0.19721 -0.40878 0.174481 -0.217101 0.263071 0.767246 -0.161127 0.00754933 -0.00244397 0.0948692 0.000147479 -0.00758068 5.05923e-05 0.999971
0.19 0.0420784 0.252445 0.281654 -0.256822 -0.646696 0.107598 -0.198037 -0.424833 0.172165 -0.218538 0.263143 0.792274 -0.157918 0.00759305 -0.00263458 0.0948313 -0.000156512 -0.00775656 -8.20343e-05 0.99997
0.191 0.0448976 0.25482 0.284737 -0.257663 -0.652754 0.10744 -0.19884 -0.440762 0.169801 -0.21998 0.263189 0.816776 -0.154639 0.0076375 -0.00282384 0.0947923 -0.00046506 -0.00793008 -0.000220021 0.999968
0.192 0.0477129 0.257176 0.287807 -0.258433 -0.658731 0.107272 -0.199619 -0.456579 0.16739 -0.221429 0.263211 0.840779 -0.151289 0.00768265 -0.00301185 0.094752 -0.000777967 -0.00810122 -0.000363136 0.999967
0.193 0.0505237 0.259516 0.290868 -0.259137 -0.664631 0.107097 -0.200375 -0.472292 0.164933 -0.222883 0.26321 0.864309 -0.147866 0.00772849 -0.00319872 0.0947105 -0.00109503 -0.00826993 -0.000511166 0.999965
0.194 0.0533291 0.261841 0.293919 -0.259781 -0.670457 0.106913 -0.201109 -0.487906 0.162431 -0.224344 0.263187 0.88739 -0.144368 0.007775 -0.00338452 0.0946678 -0.00141606 -0.00843617 -0.000663915 0.999963
0.195 0.0561285 0.264151 0.296963 -0.260371 -0.676213 0.106723 -0.201821 -0.503429 0.159886 -0.225812 0.263143 0.910039 -0.140792 0.00782217 -0.00356933 0.0946237 -0.00174085 -0.00859988 -0.000821205 0.999961
0.196 0.0589208 0.266447 0.3 -0.260911 -0.6819 0.106527 -0.202514 -0.518865 0.157299 -0.227287 0.263078 0.932276 -0.137136 0.00786996 -0.00375322 0.0945784 -0.0020692 -0.00876099 -0.000982869 0.999959
0.197 0.0617048 0.26873 0.303031 -0.261407 -0.687519 0.106326 -0.203186 -0.534219 0.15467 -0.228769 0.262993 0.954115 -0.133398 0.00791837 -0.00393625 0.0945317 -0.00240089 -0.00891941 -0.00114875 0.999957
0.198 0.0644796 0.271001 0.306057 -0.261863 -0.693073 0.10612 -0.20384 -0.549492 0.152001 -0.23026 0.262889 0.97557 -0.129575 0.00796736 -0.00411848 0.0944836 -0.00273572 -0.00907506 -0.00131871 0.999954
0.199 0.0672436 0.27326 0.309078 -0.262283 -0.698562 0.10591 -0.204475 -0.564688 0.149292 -0.231758 0.262768 0.996653 -0.125665 0.00801692 -0.00429996 0.0944342 -0.00307348 -0.00922783 -0.0014926 0.999952
0.2 0.0699957 0.275508 0.312096 -0.262671 -0.703986 0.105696 -0.205092 -0.579809 0.146544 -0.233264 0.262629 1.01737 -0.121665 0.00806702 -0.00448073 0.0943833 -0.00341394 -0.00937761 -0.00167029 0.999949
0.201 0.0727344 0.277744 0.31511 -0.263032 -0.709348 0.10548 -0.205692 -0.594855 0.143758 -0.234778 0.262474 1.03774 -0.117572 0.00811763 -0.00466084 0.094331 -0.00375688 -0.00952431 -0.00185168 0.999946
0.202 0.0754581 0.27997 0.318122 -0.263369 -0.714646 0.105261 -0.206275 -0.609826 0.140935 -0.2363 0.262303 1.05777 -0.113384 0.00816873 -0.00484033 0.0942772 -0.00410209 -0.00966779 -0.00203663 0.999943
0.203 0.0781654 0.282185 0.32113 -0.263686 -0.719881 0.105042 -0.206841 -0.624724 0.138075 -0.237831 0.262117 1.07746 -0.109096 0.0082203 -0.00501924 0.0942219 -0.00444933 -0.00980795 -0.00222504 0.99994
0.204 0.0808547 0.28439 0.324136 -0.263988 -0.725052 0.104821 -0.207391 -0.639547 0.135179 -0.23937 0.261917 1.09682 -0.104707 0.00827231 -0.00519759 0.0941651 -0.00479838 -0.00994466 -0.00241681 0.999936
0.205 0.0835242 0.286584 0.32714 -0.264278 -0.73016 0.104601 -0.207926 -0.654295 0.132248 -0.240918 0.261703 1.11586 -0.100213 0.00832472 -0.00537541 0.0941067 -0.005149 -0.0100778 -0.00261183 0.999933
0.206 0.0861725 0.288768 0.330141 -0.26456 -0.735203 0.104381 -0.208444 -0.668967 0.129282 -0.242475 0.261476 1.13458 -0.0956101 0.00837752 -0.00555275 0.0940468 -0.00550096 -0.0102072 -0.00281001 0.999929
0.207 0.0887976 0.290941 0.33314 -0.264837 -0.740181 0.104163 -0.208948 -0.683561 0.126281 -0.24404 0.261237 1.15299 -0.0908957 0.00843067 -0.00572963 0.0939852 -0.00585403 -0.0103328 -0.00301127 0.999925
0.208 0.0913981 0.293104 0.336137 -0.265115 -0.745093 0.103946 -0.209437 -0.698076 0.123246 -0.245615 0.260986 1.17109 -0.0860657 0.00848415 -0.00590606 0.093922 -0.00620798 -0.0104544 -0.00321551 0.999921
0.209 0.0939721 0.295257 0.339131 -0.265396 -0.749939 0.103733 -0.209911 -0.71251 0.120178 -0.247199 0.260724 1.18888 -0.0811167 0.00853793 -0.00608208 0.0938571 -0.00656255 -0.0105719 -0.00342266 0.999917
0.21 0.0965178 0.297399 0.342123 -0.265685 -0.754716 0.103523 -0.210371 -0.72686 0.117075 -0.248792 0.260452 1.20637 -0.0760447 0.00859198 -0.00625772 0.0937906 -0.00691753 -0.0106852 -0.00363265 0.999912
0.211 0.0990337 0.29953 0.345113 -0.265986 -0.759425 0.103317 -0.210817 -0.741125 0.11394 -0.250394 0.26017 1.22356 -0.0708459 0.00864627 -0.00643298 0.0937223 -0.00727267 -0.0107941 -0.0038454 0.999908
0.212 0.101518 0.30165 0.348099 -0.266303 -0.764063 0.103117 -0.211249 -0.755302 0.11077 -0.252006 0.259879 1.24046 -0.0655162 0.00870077 -0.00660791 0.0936523 -0.00762773 -0.0108986 -0.00406086 0.999903
0.213 0.103969 0.303759 0.351083 -0.26664 -0.76863 0.102922 -0.211668 -0.769388 0.107568 -0.253628 0.25958 1.25707 -0.0600516 0.00875545 -0.00678251 0.0935805 -0.00798249 -0.0109984 -0.00427896 0.999898
0.214 0.106385 0.305856 0.354064 -0.267002 -0.773124 0.102732 -0.212073 -0.783381 0.104331 -0.25526 0.259273 1.27338 -0.0544478 0.00881028 -0.00695682 0.0935069 -0.00833671 -0.0110935 -0.00449965 0.999894
0.215 0.108764 0.307941 0.357041 -0.267393 -0.777543 0.10255 -0.212465 -0.797278 0.101061 -0.256902 0.258959 1.28941 -0.0487007 0.00886524 -0.00713085 0.0934314 -0.00869016 -0.0111838 -0.00472289 0.999889
0.216 0.111106 0.310014 0.360014 -0.267818 -0.781887 0.102376 -0.212843 -0.811076 0.097756 -0.258553 0.258638 1.30516 -0.0428058 0.00892029 -0.00730462 0.0933542 -0.0090426 -0.0112691 -0.00494864 0.999883
0.217 0.113407 0.312075 0.362984 -0.26828 -0.786154 0.102209 -0.213209 -0.824773 0.0944166 -0.260215 0.258311 1.32062 -0.0367589 0.0089754 -0.00747816 0.093275 -0.00939382 -0.0113494 -0.00517686 0.999878
0.218 0.115667 0.314124 0.365949 -0.268785 -0.790343 0.102051 -0.213563 -0.838365 0.0910421 -0.261888 0.257978 1.3358 -0.0305556 0.00903055 -0.00765149 0.093194 -0.00974359 -0.0114245 -0.00540753 0.999873
0.219 0.117885 0.316159 0.368909 -0.269338 -0.794451 0.101902 -0.213904 -0.85185 0.0876318 -0.26357 0.257641 1.35071 -0.0241915 0.00908571 -0.00782463 0.0931111 -0.0100917 -0.0114943 -0.00564063 0.999867
0.22 0.120058 0.318181 0.371864 -0.269942 -0.798479 0.101762 -0.214233 -0.865226 0.084185 -0.265263 0.257299 1.36534 -0.0176624 0.00914084 -0.0079976 0.0930263 -0.0104379 -0.0115587 -0.00587615 0.999861
0.221 0.122186 0.320188 0.374813 -0.270604 -0.802423 0.101632 -0.21455 -0.878489 0.0807011 -0.266967 0.256953 1.3797 -0.010964 0.00919592 -0.00817043 0.0929395 -0.010782 -0.0116178 -0.00611408 0.999856
0.222 0.124267 0.322182 0.377756 -0.271327 -0.806283 0.101513 -0.214855 -0.891637 0.0771793 -0.268681 0.256604 1.39379 -0.00409216 0.00925092 -0.00834315 0.0928508 -0.0111238 -0.0116713 -0.00635443 0.99985
0.223 0.126301 0.324161 0.380692 -0.272116 -0.810058 0.101405 -0.215149 -0.904668 0.0736187 -0.270405 0.256252 1.40761 0.00295707 0.00930582 -0.00851577 0.0927601 -0.0114631 -0.0117192 -0.0065972 0.999844
0.224 0.128285 0.326125 0.383622 -0.272975 -0.813746 0.101308 -0.215432 -0.917578 0.0700185 -0.27214 0.255898 1.42117 0.0101875 0.00936058 -0.00868833 0.0926674 -0.0117996 -0.0117614 -0.00684242 0.999838
0.225 0.130219 0.328074 0.386543 -0.273911 -0.817347 0.101222 -0.215704 -0.930366 0.0663779 -0.273885 0.255543 1.43447 0.0176025 0.00941517 -0.00886084 0.0925727 -0.0121333 -0.011798 -0.00709011 0.999832
0.226 0.132102 0.330007 0.389457 -0.274927 -0.820859 0.101147 -0.215965 -0.943029 0.0626961 -0.27564 0.255186 1.44751 0.0252056 0.00946959 -0.00903335 0.092476 -0.0124638 -0.0118287 -0.00734031 0.999825
0.227 0.133933 0.331923 0.392362 -0.276027 -0.82428 0.101084 -0.216216 -0.955566 0.0589722 -0.277405 0.254829 1.46029 0.0329993 0.00952378 -0.00920587 0.0923772 -0.0127911 -0.0118537 -0.00759304 0.999819
0.228 0.135712 0.333823 0.395257 -0.277217 -0.827611 0.101033 -0.216457 -0.967973 0.0552055 -0.27918 0.254471 1.47283 0.0409864 0.00957774 -0.00937843 0.0922765 -0.0131148 -0.0118729 -0.00784837 0.999813
0.229 0.137437 0.335706 0.398143 -0.2785 -0.830851 0.100994 -0.216689 -0.98025 0.0513954 -0.280965 0.254114 1.48511 0.0491686 0.00963143 -0.00955107 0.0921737 -0.0134349 -0.0118861 -0.00810635 0.999806
0.23 0.139108 0.337571 0.401019 -0.27988 -0.833998 0.100967 -0.216911 -0.992395 0.0475414 -0.282759 0.253758 1.49715 0.0575474 0.00968483 -0.00972381 0.0920689 -0.0137512 -0.0118936 -0.00836702 0.9998
0.231 0.140724 0.339418 0.403883 -0.281362 -0.837053 0.100951 -0.217124 -1.00441 0.0436432 -0.284562 0.253404 1.50894 0.0661236 0.00973792 -0.00989669 0.091962 -0.0140635 -0.0118951 -0.00863047 0.999793
0.232 0.142285 0.341247 0.406736 -0.28295 -0.840015 0.100947 -0.217329 -1.01628 0.0397005 -0.286374 0.253051 1.5205 0.0748972 0.00979068 -0.0100697 0.0918531 -0.0143716 -0.0118908 -0.00889675 0.999786
0.233 0.143791 0.343056 0.409577 -0.284646 -0.842883 0.100955 -0.217526 -1.02802 0.0357134 -0.288194 0.252702 1.53182 0.0838678 0.00984308 -0.010243 0.0917421 -0.0146753 -0.0118805 -0.00916594 0.99978
0.234 0.145241 0.344847 0.412405 -0.286454 -0.845658 0.100974 -0.217716 -1.03962 0.0316821 -0.290023 0.252355 1.54291 0.0930337 0.0098951 -0.0104165 0.091629 -0.0149745 -0.0118645 -0.00943812 0.999773
0.235 0.146636 0.346617 0.41522 -0.288378 -0.84834 0.101004 -0.217898 -1.05109 0.0276073 -0.291859 0.252012 1.55377 0.102393 0.00994673 -0.0105902 0.0915139 -0.0152691 -0.0118426 -0.00971336 0.999766
0.236 0.147974 0.348368 0.418021 -0.290419 -0.850929 0.101044 -0.218074 -1.06241 0.0234898 -0.293703 0.251673 1.5644 0.111942 0.00999793 -0.0107642 0.0913968 -0.0155589 -0.0118149 -0.00999175 0.999759
0.237 0.148178 0.348928 0.419082 -0.291414 -0.851854 0.101417 -0.218153 -1.06458 0.0223954 -0.294755 0.251671 1.5644 0.11529 0.0101821 -0.0108103 0.0914046 -0.0156736 -0.0117947 -0.0100998 0.999757
0.238 0.149062 0.350948 0.422874 -0.295557 -0.855213 0.102485 -0.218404 -1.07285 0.0173034 -0.297879 0.2516 1.56406 0.129625 0.0108342 -0.0109752 0.0914242 -0.0160946 -0.0117302 -0.0104895 0.999747
0.239 0.150134 0.352999 0.426692 -0.300396 -0.858659 0.103337 -0.218631 -1.08177 0.0107675 -0.300497 0.251474 1.56328 0.146885 0.0114845 -0.0111417 0.091436 -0.0165301 -0.011675 -0.0108879 0.999736
0.24 0.151426 0.355077 0.430534 -0.306027 -0.862205 0.104 -0.218841 -1.09142 0.00251135 -0.302696 0.251303 1.56198 0.167614 0.0121329 -0.0113104 0.0914405 -0.0169803 -0.0116313 -0.0112973 0.999724
0.241 0.152981 0.357177 0.434392 -0.312566 -0.865873 0.10449 -0.219044 -1.10188 -0.00778778 -0.30454 0.251095 1.56003 0.192429 0.012779 -0.0114818 0.0914382 -0.0174448 -0.0116021 -0.0117214 0.999712
0.242 0.154851 0.359291 0.43826 -0.32015 -0.86969 0.104815 -0.219253 -1.11327 -0.0204986 -0.306083 0.250863 1.55727 0.222012 0.0134225 -0.0116569 0.0914296 -0.017923 -0.0115912 -0.0121646 0.999698
0.243 0.1571 0.361408 0.442126 -0.328951 -0.873698 0.104972 -0.219485 -1.12572 -0.0360287 -0.307362 0.25062 1.5535 0.257076 0.0140631 -0.0118367 0.0914157 -0.0184136 -0.0116031 -0.0126328 0.999683
0.244 0.159807 0.363514 0.44598 -0.339179 -0.877949 0.104951 -0.21976 -1.13938 -0.0548063 -0.308402 0.25038 1.54845 0.298303 0.0147005 -0.0120224 0.0913972 -0.0189148 -0.0116435 -0.0131331 0.999667
0.245 0.163067 0.365595 0.449805 -0.351097 -0.882511 0.104731 -0.220103 -1.15444 -0.0772479 -0.309219 0.250161 1.54176 0.346257 0.0153342 -0.0122158 0.0913753 -0.0194243 -0.0117189 -0.0136747 0.999649
0.246 0.166987 0.367632 0.453586 -0.365033 -0.887466 0.104287 -0.220538 -1.17107 -0.103714 -0.309822 0.249977 1.5329 0.401259 0.0159638 -0.012419 0.0913513 -0.0199399 -0.0118372 -0.0142682 0.999629
0.247 0.171681 0.369613 0.45731 -0.381399 -0.892901 0.103591 -0.221085 -1.18944 -0.134467 -0.310225 0.249834 1.52109 0.463279 0.0165885 -0.0126345 0.0913267 -0.0204604 -0.0120066 -0.0149258 0.999607
0.248 0.177269 0.37153 0.460966 -0.400704 -0.898907 0.102626 -0.221752 -1.20964 -0.169645 -0.310453 0.249725 1.50515 0.531878 0.0172068 -0.0128652 0.091303 -0.0209875 -0.0122363 -0.015661 0.999582
0.249 0.183874 0.373394 0.464554 -0.423576 -0.905564 0.101388 -0.222523 -1.23167 -0.209293 -0.310562 0.249619 1.48322 0.606258 0.0178162 -0.0131147 0.0912824 -0.0215273 -0.0125356 -0.0164888 0.999554
0.25 0.191629 0.375237 0.468086 -0.450772 -0.912945 0.0999059 -0.223341 -1.25532 -0.253449 -0.310658 0.249443 1.45225 0.685425 0.0184119 -0.0133875 0.0912674 -0.0220942 -0.0129154 -0.0174268 0.999521
0.251 0.20071 0.377138 0.471602 -0.483154 -0.92112 0.0982572 -0.224085 -1.28001 -0.302292 -0.310937 0.24906 1.40696 0.768401 0.0189859 -0.0136901 0.091262 -0.0227168 -0.0133898 -0.0184976 0.999481
0.252 0.211416 0.379264 0.47519 -0.521502 -0.930181 0.0966147 -0.224501 -1.30437 -0.356378 -0.311775 0.248198 1.33725 0.854432 0.0195227 -0.0140329 0.0912728 -0.0234522 -0.0139803 -0.0197344 0.999432
0.253 0.217808 0.380831 0.477257 -0.542523 -0.934878 0.0959286 -0.224329 -1.31431 -0.385557 -0.313229 0.247221 1.28136 0.896979 0.019603 -0.0143055 0.0913051 -0.0239167 -0.014347 -0.020435 0.999402
0.254 0.234273 0.385713 0.482519 -0.592886 -0.945774 0.0962542 -0.22151 -1.32048 -0.453868 -0.319848 0.242518 1.06815 0.985376 0.0196293 -0.0149603 0.0914241 -0.0254107 -0.0153052 -0.0221512 0.999314
0.255 0.25842 0.395469 0.491003 -0.626439 -0.960568 0.101848 -0.212328 -1.26116 -0.537594 -0.336527 0.230729 0.564556 1.07504 0.0193157 -0.0157794 0.0916901 -0.028222 -0.0167745 -0.0241748 0.999169
0.256 0.299551 0.418013 0.511306 -0.53361 -0.995618 0.124303 -0.19253 -0.734794 -0.629328 -0.38037 0.206027 -1.30636 1.14872 0.0183441 -0.0166682 0.0923703 -0.0321796 -0.02003 -0.0246376 0.998978
0.257 0.296703 0.439762 0.76561 -0.863461 -1.24898 1.08908 -0.0135757 1.40182 0.369786 -1.54586 0.104279 -1.30636 -0.203164 0.244052 -0.0961362 0.227115 -0.0150382 -0.0397843 0.00692849 0.999071
0.258 0.282278 -0.728241 0.789679 -1.47767 -1.42585 1.39189 0.104206 0.917508 1.45199 -1.54586 -0.611876 0.432423 -1.24135 0.984685 -0.597812 0.762081 0.0218923 -0.0466107 -0.0486666 0.997487
0.259 -24554.5 2411.25 44.6711 -1.47767 4326.91 627.089 19450 -23207.1 -2333.91 22166.9 855.747 2142.49 21658.8 2.17994e+07 -9.90817e+06 -4.9824e+07 -0.143737 -0.475939 -0.17859 -0.849075
