0 0 0 0 0 0 0 0 0 0 0 0 0 0 0 0 0.1 0 0 0 1
0.001 1.36085e-20 -5.572e-19 -4.39245e-19 9.74678e-20 -7.10351e-21 -2.06509e-18 -1.05386e-18 9.42683e-19 8.04203e-19 5.47529e-18 3.19444e-18 -1.9152e-18 -1.81202e-18 1.80946e-21 4.55033e-21 0.0999902 -6.405e-21 -2.16446e-20 -2.60045e-20 1
0.002 2.02385e-10 -3.30244e-10 3.34959e-10 -2.70074e-10 2.61941e-10 4.42199e-10 4.44089e-10 5.97656e-10 5.94329e-10 -4.96688e-10 -5.02372e-10 -7.48956e-10 -7.4224e-10 -8.38002e-14 -3.22331e-15 0.0999706 3.42418e-13 -4.31365e-11 3.22251e-13 1
0.003 1.21406e-09 -1.98084e-09 2.00911e-09 -1.62e-09 1.57123e-09 2.653e-09 2.66433e-09 3.58539e-09 3.56544e-09 -2.98016e-09 -3.01424e-09 -4.4932e-09 -4.45292e-09 -5.00057e-13 -1.9291e-14 0.0999411 2.05402e-12 -2.58762e-10 1.93245e-12 1
0.004 4.04589e-09 -6.59941e-09 6.69351e-09 -5.39768e-09 5.23526e-09 8.84131e-09 8.87905e-09 1.19469e-08 1.18805e-08 -9.93161e-09 -1.00451e-08 -1.49712e-08 -1.48371e-08 -1.66159e-12 -6.41079e-14 0.0999019 6.84474e-12 -8.62293e-10 6.43496e-12 1
0.005 1.01119e-08 -1.64869e-08 1.67217e-08 -1.34863e-08 1.30808e-08 2.20949e-08 2.21892e-08 2.98504e-08 2.96844e-08 -2.48178e-08 -2.51011e-08 -3.74028e-08 -3.70679e-08 -4.1498e-12 -1.59698e-13 0.0998529 1.7106e-11 -2.15497e-09 1.60637e-11 1
0.006 2.1228e-08 -3.45918e-08 3.50836e-08 -2.83003e-08 2.74502e-08 4.63752e-08 4.65727e-08 6.26379e-08 6.22897e-08 -5.20825e-08 -5.26763e-08 -7.84723e-08 -7.77701e-08 -8.72411e-12 -3.33995e-13 0.099794 3.59083e-11 -4.52353e-09 3.36689e-11 1
0.007 3.96111e-08 -6.45017e-08 6.54169e-08 -5.27802e-08 5.11968e-08 8.65097e-08 8.68774e-08 1.16812e-07 1.16163e-07 -9.71351e-08 -9.82408e-08 -1.46306e-07 -1.44998e-07 -1.63364e-11 -6.2058e-13 0.0997253 6.69984e-11 -8.43979e-09 6.27e-11 1
0.008 6.78769e-08 -1.10435e-07 1.11998e-07 -9.03858e-08 8.76783e-08 1.48183e-07 1.48812e-07 2.00017e-07 1.98907e-07 -1.66336e-07 -1.68226e-07 -2.50446e-07 -2.48209e-07 -2.81501e-11 -1.05838e-12 0.0996468 1.14796e-10 -1.44601e-08 1.07184e-10 1
0.009 1.09038e-07 -1.77227e-07 1.79728e-07 -1.45089e-07 1.40751e-07 2.37927e-07 2.38934e-07 3.21024e-07 3.19243e-07 -2.66978e-07 -2.70006e-07 -4.01816e-07 -3.9823e-07 -4.55643e-11 -1.69132e-12 0.0995586 1.84388e-10 -2.32249e-08 1.717e-10 1
0.01 1.66503e-07 -2.70321e-07 2.74123e-07 -2.21366e-07 2.14759e-07 3.63106e-07 3.64639e-07 4.897e-07 4.86985e-07 -4.07269e-07 -4.11879e-07 -6.12684e-07 -6.07222e-07 -7.02416e-11 -2.56795e-12 0.0994605 2.81528e-10 -3.54578e-08 2.61354e-10 1
0.011 2.44072e-07 -3.9575e-07 4.01295e-07 -3.24184e-07 3.1453e-07 5.31907e-07 5.34146e-07 7.16988e-07 7.13017e-07 -5.96308e-07 -6.03043e-07 -8.96623e-07 -8.88639e-07 -1.04141e-10 -3.74101e-12 0.0993526 4.12622e-10 -5.19648e-08 3.81743e-10 1
0.012 3.45934e-07 -5.60123e-07 5.67938e-07 -4.58996e-07 4.45361e-07 7.53321e-07 7.56482e-07 1.01488e-06 1.00926e-06 -8.44062e-07 -8.53571e-07 -1.26846e-06 -1.25718e-06 -1.49555e-10 -5.26697e-12 0.0992348 5.84734e-10 -7.36338e-08 5.38923e-10 1
0.013 4.76665e-07 -7.70604e-07 7.81308e-07 -6.31722e-07 6.13006e-07 1.03713e-06 1.04146e-06 1.39638e-06 1.38866e-06 -1.16133e-06 -1.17438e-06 -1.74424e-06 -1.72875e-06 -2.09146e-10 -7.20559e-12 0.0991073 8.05565e-10 -1.01433e-07 7.39371e-10 1
0.014 6.41223e-07 -1.0349e-06 1.0492e-06 -8.48743e-07 8.23669e-07 1.39388e-06 1.39968e-06 1.87547e-06 1.86511e-06 -1.55975e-06 -1.57722e-06 -2.34114e-06 -2.32038e-06 -2.85997e-10 -9.61936e-12 0.09897 1.08346e-09 -1.36411e-07 9.89949e-10 1
0.015 8.44944e-07 -1.36123e-06 1.37994e-06 -1.11688e-06 1.08399e-06 1.83487e-06 1.84249e-06 2.4671e-06 2.45349e-06 -2.05169e-06 -2.07461e-06 -3.07747e-06 -3.05022e-06 -3.83651e-10 -1.2573e-11 0.0988228 1.42737e-09 -1.79693e-07 1.29786e-09 1
0.016 1.09354e-06 -1.75831e-06 1.78235e-06 -1.44339e-06 1.40103e-06 2.37215e-06 2.38195e-06 3.1871e-06 3.16954e-06 -2.65033e-06 -2.67983e-06 -3.97255e-06 -3.93744e-06 -5.06162e-10 -1.61331e-11 0.0986659 1.8469e-09 -2.32483e-07 1.6706e-09 1
0.017 1.39308e-06 -2.23534e-06 2.26571e-06 -1.83594e-06 1.78225e-06 3.01845e-06 3.03087e-06 4.05222e-06 4.02991e-06 -3.36953e-06 -3.4069e-06 -5.04671e-06 -5.00218e-06 -6.5815e-10 -2.03671e-11 0.0984992 2.35221e-09 -2.9606e-07 2.11593e-09 1
0.018 1.75002e-06 -2.80196e-06 2.83978e-06 -2.3026e-06 2.2355e-06 3.78722e-06 3.80272e-06 5.07999e-06 5.05207e-06 -4.22384e-06 -4.27051e-06 -6.32118e-06 -6.26552e-06 -8.44851e-10 -2.53432e-11 0.0983226 2.95409e-09 -3.71777e-07 2.64182e-09 1
0.019 2.17115e-06 -3.46824e-06 3.51473e-06 -2.8518e-06 2.76903e-06 4.69257e-06 4.71167e-06 6.28879e-06 6.25428e-06 -5.22847e-06 -5.28601e-06 -7.81808e-06 -7.74938e-06 -1.07217e-09 -3.11299e-11 0.0981362 3.6639e-09 -4.6106e-07 3.2564e-09 1
0.02 2.66363e-06 -4.24464e-06 4.30113e-06 -3.49236e-06 3.39143e-06 5.74923e-06 5.77251e-06 7.69774e-06 7.65556e-06 -6.39927e-06 -6.4694e-06 -9.5603e-06 -9.47648e-06 -1.34675e-09 -3.77947e-11 0.0979401 4.49353e-09 -5.65405e-07 3.96794e-09 1
0.021 3.23493e-06 -5.14201e-06 5.20992e-06 -4.23344e-06 4.11162e-06 6.97261e-06 7.00068e-06 9.32666e-06 9.27564e-06 -7.75263e-06 -7.83722e-06 -1.15715e-05 -1.14703e-05 -1.67601e-09 -4.54046e-11 0.0977341 5.45546e-09 -6.86379e-07 4.78477e-09 1
0.022 3.89289e-06 -6.17154e-06 6.2524e-06 -5.08451e-06 4.93888e-06 8.37868e-06 8.41221e-06 1.11961e-05 1.11349e-05 -9.30554e-06 -9.4066e-06 -1.3876e-05 -1.37549e-05 -2.06822e-09 -5.40247e-11 0.0975183 6.56266e-09 -8.25614e-07 5.71527e-09 1
0.023 4.64567e-06 -7.34474e-06 7.44017e-06 -6.05537e-06 5.88275e-06 9.98399e-06 1.00237e-05 1.33272e-05 1.32545e-05 -1.10755e-05 -1.11952e-05 -1.64987e-05 -1.63551e-05 -2.53255e-09 -6.37182e-11 0.0972927 7.82864e-09 -9.84807e-07 6.7678e-09 1
0.024 1.62246e-05 0.000328955 0.000379117 -0.00049083 -0.000549408 9.40924e-05 -0.000231301 -2.46359e-05 0.000437549 -0.00030752 0.000235676 5.22763e-05 -0.00113894 1.00688e-05 -3.31704e-05 0.0972845 1.77321e-06 -8.31748e-07 -2.88123e-07 1
0.025 -6.39706e-05 0.000741675 0.00083297 -0.00101672 -0.00118099 0.000267418 -0.00040919 -1.42845e-05 0.00100191 -0.000685407 0.000451694 9.88855e-05 -0.00245488 5.14373e-06 -2.80623e-05 0.097273 1.65226e-06 -1.5736e-06 -1.60206e-06 1
0.026 -7.86761e-05 0.000877513 0.000989445 -0.00119686 -0.00140039 0.000319052 -0.000484194 -1.80521e-05 0.00118335 -0.000823395 0.000535538 0.000112974 -0.00288759 4.279e-06 -3.22459e-05 0.0972706 1.93753e-06 -1.79832e-06 -1.90066e-06 1
0.027 -0.000130278 0.00114643 0.00129804 -0.00153692 -0.00182302 0.000438098 -0.000604207 -1.2299e-05 0.00155164 -0.00109947 0.000680922 0.000132741 -0.00372706 -1.58478e-06 -2.94574e-05 0.0972624 1.97288e-06 -2.49124e-06 -2.68468e-06 1
0.028 -0.000163672 0.00149302 0.00167209 -0.00197304 -0.0023728 0.000561594 -0.000785859 -2.13476e-05 0.00199024 -0.00142872 0.000853749 0.000149 -0.0047538 -4.89682e-06 -4.10245e-05 0.097256 2.84528e-06 -3.20026e-06 -3.30666e-06 1
0.029 -0.000184885 0.00170869 0.00189887 -0.00223889 -0.00271326 0.000638085 -0.000896545 -2.67228e-05 0.00225784 -0.00162898 0.000954753 0.000157323 -0.00537282 -7.00145e-06 -4.77625e-05 0.0972518 3.39292e-06 -3.66732e-06 -3.65903e-06 1
0.03 -0.000206062 0.00197172 0.0021841 -0.00256887 -0.00314191 0.000730694 -0.00104177 -3.66177e-05 0.00258422 -0.00188328 0.00108742 0.000166595 -0.00612604 -8.90431e-06 -5.86046e-05 0.0972471 4.23873e-06 -4.24392e-06 -3.99734e-06 1
0.031 -0.000221726 0.00216289 0.00239615 -0.00281029 -0.00345993 0.00079949 -0.0011496 -4.43984e-05 0.00282255 -0.00207262 0.00118689 0.000173733 -0.00667023 -1.02697e-05 -6.65282e-05 0.0972437 4.88648e-06 -4.69118e-06 -4.21211e-06 1
0.032 -0.000236517 0.00234069 0.00259766 -0.0030363 -0.00376162 0.000864755 -0.00125197 -5.2265e-05 0.00304516 -0.0022526 0.00128219 0.000181039 -0.00717324 -1.15191e-05 -7.39441e-05 0.0972403 5.52031e-06 -5.13367e-06 -4.38265e-06 1
0.033 -0.000250358 0.00250462 0.00278727 -0.00324599 -0.00404507 0.000926026 -0.00134821 -6.01519e-05 0.00325119 -0.00242181 0.00137256 0.000188638 -0.00763401 -1.26519e-05 -8.08144e-05 0.0972372 6.13344e-06 -5.56652e-06 -4.513e-06 1
0.034 -0.000263269 0.00265533 0.00296502 -0.00343996 -0.00431043 0.00098331 -0.00143835 -6.80298e-05 0.00344129 -0.00258013 0.0014579 0.000196623 -0.00805483 -1.36761e-05 -8.71542e-05 0.0972343 6.7235e-06 -5.98778e-06 -4.60819e-06 1
0.035 -0.000275279 0.00279355 0.00313107 -0.00361892 -0.00455804 0.00103666 -0.00152247 -7.58637e-05 0.00361617 -0.00272765 0.00153818 0.000205024 -0.0084381 -1.45992e-05 -9.29832e-05 0.0972316 7.28873e-06 -6.39586e-06 -4.67296e-06 1
0.036 -0.00028642 0.00292003 0.0032857 -0.00378361 -0.00478842 0.00108618 -0.00160073 -8.36169e-05 0.00377664 -0.00286459 0.00161344 0.000213832 -0.00878633 -1.54292e-05 -9.83249e-05 0.0972291 7.82795e-06 -6.7895e-06 -4.71166e-06 1
0.037 -0.000296731 0.00303554 0.0034293 -0.00393486 -0.0050022 0.001132 -0.00167335 -9.12535e-05 0.00392357 -0.00299128 0.00168379 0.000223004 -0.00910204 -1.61738e-05 -0.000103206 0.0972267 8.34049e-06 -7.16781e-06 -4.72832e-06 1
0.038 -0.000306254 0.00314086 0.00356233 -0.00407351 -0.00520014 0.0011743 -0.00174057 -9.87401e-05 0.00405782 -0.00310816 0.00174937 0.00023248 -0.00938776 -1.68403e-05 -0.000107656 0.0972246 8.8261e-06 -7.53017e-06 -4.72653e-06 1
0.039 -0.000315032 0.00323674 0.00368531 -0.00420042 -0.00538304 0.00121325 -0.00180266 -0.000106047 0.00418029 -0.00321572 0.00181036 0.000242189 -0.00964592 -1.74359e-05 -0.000111703 0.0972226 9.28495e-06 -7.87623e-06 -4.70952e-06 1
0.04 -0.000323111 0.00332394 0.0037988 -0.00431642 -0.00555178 0.00124906 -0.00185991 -0.000113149 0.00429187 -0.0033145 0.00186697 0.000252055 -0.00987889 -1.79673e-05 -0.000115377 0.0972208 9.71749e-06 -8.20588e-06 -4.68012e-06 1
0.041 -0.000378281 0.00367547 0.00425362 -0.00476326 -0.00621364 0.00140806 -0.00205869 -0.000130471 0.00474961 -0.00371121 0.00207171 0.000288969 -0.0107991 -2.61347e-05 -0.000118806 0.0972101 1.09222e-05 -9.88154e-06 -4.75576e-06 1
0.042 -0.000367003 0.00431904 0.00513017 -0.00571887 -0.00759647 0.00165279 -0.00261176 -0.000212296 0.00554806 -0.00450778 0.00260277 0.000343219 -0.0125557 -1.12881e-06 -0.000181876 0.0971901 1.6312e-05 -1.12693e-05 -3.54076e-06 1
0.043 -0.000476883 0.00501445 0.00606069 -0.00663228 -0.00897268 0.00198698 -0.00303096 -0.000239456 0.00646504 -0.00534206 0.00303857 0.000389195 -0.0143783 -9.00655e-06 -0.000189605 0.097168 1.90099e-05 -1.44592e-05 -3.58188e-06 1
0.044 -0.000567327 0.00573939 0.00699753 -0.00758052 -0.0104114 0.00231974 -0.00350437 -0.000287895 0.00738526 -0.00620085 0.00353386 0.000468361 -0.0162092 -1.01859e-05 -0.000208418 0.0971532 2.24366e-05 -1.74988e-05 -3.33808e-06 1
0.045 -0.000647182 0.00647949 0.00793745 -0.008549 -0.0118877 0.00265238 -0.00400889 -0.000348158 0.00830635 -0.00707254 0.00406741 0.000567239 -0.0180433 -7.00789e-06 -0.000232973 0.0971374 2.63019e-05 -2.04877e-05 -2.82587e-06 1
0.046 -0.000723391 0.00723678 0.00888131 -0.00953732 -0.0134031 0.00299042 -0.00453996 -0.00041705 0.00923462 -0.00795717 0.00464132 0.000688931 -0.0198846 3.76325e-07 -0.000260143 0.0971214 3.04454e-05 -2.3438e-05 -2.12116e-06 1
0.047 -0.000803134 0.00801162 0.00982741 -0.0105473 -0.0149613 0.00334105 -0.00509598 -0.000489789 0.010175 -0.0088557 0.00526468 0.000835283 -0.0217355 1.39586e-05 -0.000286683 0.0971056 3.46991e-05 -2.62586e-05 -1.29661e-06 1
0.048 -0.000885142 0.0088111 0.0107814 -0.0115716 -0.0165553 0.0036957 -0.00567029 -0.000572594 0.0111344 -0.00975712 0.00592253 0.00101399 -0.0236067 2.67772e-05 -0.000313397 0.0970899 3.90981e-05 -2.92836e-05 -3.31904e-07 1
0.049 -0.000969504 0.00963475 0.0117428 -0.0126103 -0.0181857 0.00405506 -0.00626338 -0.000665207 0.0121124 -0.0106623 0.006616 0.00122505 -0.0254972 3.93199e-05 -0.000340196 0.0970744 4.36449e-05 -3.24969e-05 7.78011e-07 1
0.05 -0.00105621 0.0104826 0.0127114 -0.0136635 -0.0198529 0.00441924 -0.00687525 -0.000767781 0.0131087 -0.0115712 0.00734513 0.00146884 -0.0274062 5.15789e-05 -0.000367056 0.0970591 4.83447e-05 -3.59061e-05 2.03944e-06 1
0.051 -0.00114524 0.0113547 0.0136873 -0.014731 -0.0215569 0.00478833 -0.00750592 -0.000880457 0.0141233 -0.0124841 0.00810995 0.00174571 -0.0293333 6.35561e-05 -0.000393951 0.097044 5.32026e-05 -3.95182e-05 3.4588e-06 1
0.052 -0.00123656 0.0122509 0.0146702 -0.0158126 -0.0232981 0.0051625 -0.00815547 -0.00100329 0.0151558 -0.0134011 0.00891055 0.00205577 -0.031278 7.53071e-05 -0.000420859 0.097029 5.82238e-05 -4.33382e-05 5.0427e-06 1
0.053 -0.00133012 0.013171 0.01566 -0.0169084 -0.0250767 0.00554201 -0.00882401 -0.00113613 0.0162059 -0.0143227 0.00974702 0.00239844 -0.0332395 8.69834e-05 -0.00044777 0.0970142 6.34147e-05 -4.73665e-05 6.79818e-06 1
0.054 -0.00142582 0.0141151 0.0166566 -0.0180181 -0.026893 0.00592691 -0.00951151 -0.00127903 0.0172736 -0.0152491 0.0106191 0.00277345 -0.0352173 9.85538e-05 -0.000474692 0.0969996 6.87817e-05 -5.16122e-05 8.73263e-06 1
0.055 -0.00152358 0.015083 0.0176598 -0.0191417 -0.0287471 0.00631728 -0.010218 -0.00143198 0.0183584 -0.0161806 0.0115266 0.0031805 -0.0372111 0.000110031 -0.000501628 0.096985 7.43318e-05 -5.60828e-05 1.08535e-05 1
0.056 -0.00162329 0.0160748 0.0186696 -0.0202789 -0.0306392 0.00671319 -0.0109434 -0.00159501 0.0194604 -0.0171174 0.0124693 0.00361929 -0.0392202 0.000121418 -0.000528583 0.0969707 8.00718e-05 -6.07863e-05 1.31682e-05 1
0.057 -0.00172487 0.0170903 0.0196859 -0.0214296 -0.0325695 0.00711472 -0.0116879 -0.00176814 0.0205793 -0.0180597 0.0134472 0.00408955 -0.0412443 0.000132717 -0.000555561 0.0969564 8.60089e-05 -6.57311e-05 1.56843e-05 1
0.058 -0.00182823 0.0181296 0.0207087 -0.0225936 -0.0345381 0.00752194 -0.0124513 -0.0019514 0.0217148 -0.0190077 0.01446 0.004591 -0.0432827 0.000143933 -0.000582567 0.0969422 9.21504e-05 -7.09256e-05 1.84096e-05 1
0.059 -0.00193327 0.0191926 0.0217378 -0.023771 -0.0365453 0.00793491 -0.0132338 -0.00214483 0.0228668 -0.0199616 0.0155077 0.0051234 -0.0453349 0.000155068 -0.000609604 0.0969282 9.85037e-05 -7.63789e-05 2.13515e-05 1
0.06 -0.00203989 0.0202793 0.0227732 -0.0249615 -0.0385913 0.00835369 -0.0140354 -0.00234847 0.0240351 -0.0209215 0.0165901 0.00568651 -0.0474005 0.000166125 -0.000636677 0.0969142 0.000105076 -8.20998e-05 2.45179e-05 1
0.061 -0.00214787 0.0213866 0.023821 -0.0261635 -0.0406744 0.00877648 -0.0148528 -0.00256361 0.0252205 -0.0218863 0.0177003 0.00628137 -0.04948 0.000175508 -0.000663854 0.0969003 0.000111881 -8.81754e-05 2.79159e-05 1
0.062 -0.00225712 0.0225102 0.0248866 -0.0273766 -0.0427943 0.00920307 -0.015684 -0.0027901 0.0264224 -0.0228569 0.0188334 0.00690644 -0.0515719 0.000182895 -0.000691096 0.0968863 0.000118929 -9.4634e-05 3.15496e-05 1
0.063 -0.0023676 0.0236474 0.0259711 -0.0286016 -0.0449518 0.00963448 -0.0165289 -0.00302695 0.0276393 -0.0238357 0.0199892 0.00755918 -0.0536732 0.000188995 -0.00071833 0.0968723 0.000126229 -0.000101455 3.54224e-05 1
0.064 -0.00247929 0.0247973 0.0270735 -0.0298394 -0.0471482 0.010072 -0.0173886 -0.00327311 0.0288698 -0.0248246 0.0211696 0.00823746 -0.0557815 0.000194808 -0.000745484 0.0968582 0.000133791 -0.000108601 3.95376e-05 1
0.065 -0.00259218 0.0259602 0.0281914 -0.0310909 -0.0493845 0.0105167 -0.0182648 -0.0035278 0.0301129 -0.0258247 0.0223779 0.00894006 -0.0578954 0.000201299 -0.000772508 0.096844 0.00014162 -0.000116037 4.38996e-05 1
0.066 -0.00270623 0.0271375 0.0293222 -0.0323564 -0.0516615 0.0109691 -0.0191587 -0.00379082 0.0313684 -0.0268363 0.0236172 0.00966701 -0.0600143 0.000208985 -0.000799391 0.0968298 0.000149721 -0.000123744 4.8514e-05 1
0.067 -0.00282133 0.028331 0.0304646 -0.0336357 -0.0539792 0.0114289 -0.0200707 -0.00406281 0.0326368 -0.0278582 0.0248881 0.0104196 -0.0621391 0.000217569 -0.000826173 0.0968156 0.000158102 -0.000131744 5.33873e-05 1
0.068 -0.00293733 0.0295412 0.0316194 -0.0349278 -0.0563369 0.0118952 -0.0209999 -0.00434475 0.0339187 -0.0288894 0.0261888 0.0111993 -0.0642705 0.000226239 -0.000852905 0.0968013 0.000166772 -0.000140086 5.85261e-05 1
0.069 -0.00305409 0.0307676 0.0327885 -0.0362321 -0.0587342 0.0123675 -0.0219452 -0.00463716 0.0352143 -0.0299295 0.027517 0.0120066 -0.0664084 0.000234473 -0.000879604 0.096787 0.000175742 -0.000148803 6.39357e-05 1
0.07 -0.00317152 0.0320089 0.0339726 -0.0375486 -0.0611712 0.012846 -0.0229064 -0.00494001 0.0365233 -0.0309792 0.0288718 0.0128409 -0.0685518 0.00024227 -0.000906256 0.0967727 0.00018502 -0.000157908 6.96207e-05 1
0.071 -0.00328954 0.0332648 0.035172 -0.0388776 -0.0636482 0.0133309 -0.0238835 -0.00525307 0.037845 -0.032039 0.0302537 0.0137015 -0.0706996 0.000249893 -0.00093284 0.0967582 0.000194616 -0.0001674 7.55854e-05 1
0.072 -0.00340806 0.034535 0.036386 -0.0402192 -0.0661658 0.0138226 -0.0248771 -0.00557618 0.039179 -0.0331096 0.0316634 0.014588 -0.0728506 0.000257609 -0.000959343 0.0967437 0.00020454 -0.000177278 8.18341e-05 1
0.073 -0.00352699 0.0358199 0.0376139 -0.0415735 -0.0687242 0.0143214 -0.0258874 -0.00590936 0.040525 -0.0341909 0.0331015 0.0155002 -0.0750044 0.000265544 -0.00098576 0.0967291 0.0002148 -0.000187545 8.83712e-05 1
0.074 -0.00364622 0.0371196 0.0388556 -0.0429404 -0.0713236 0.0148271 -0.0269146 -0.0062528 0.0418829 -0.035283 0.0345684 0.0164385 -0.0771604 0.000273667 -0.0010121 0.0967144 0.000225407 -0.000198214 9.52012e-05 1
0.075 -0.00376565 0.0384344 0.040111 -0.0443198 -0.0739639 0.0153398 -0.0279586 -0.00660675 0.0432526 -0.0363858 0.0360637 0.0174029 -0.0793182 0.000281882 -0.00103835 0.0966997 0.000236369 -0.000209301 0.000102328 1
0.076 -0.00388517 0.039764 0.0413802 -0.0457115 -0.0766452 0.0158594 -0.0290194 -0.0069714 0.0446339 -0.0374994 0.0375872 0.0183936 -0.0814774 0.000290117 -0.00106453 0.0966848 0.000247696 -0.00022082 0.000109757 1
0.077 -0.00400467 0.0411085 0.0426634 -0.0471155 -0.0793677 0.016386 -0.0300968 -0.00734689 0.0460267 -0.0386238 0.0391388 0.0194106 -0.0836371 0.000298357 -0.00109063 0.0966699 0.000259399 -0.000232784 0.00011749 1
0.078 -0.00412405 0.0424675 0.0439605 -0.0485317 -0.0821316 0.0169196 -0.0311909 -0.00773333 0.0474306 -0.0397593 0.0407186 0.0204538 -0.0857968 0.000306626 -0.00111663 0.0966549 0.000271487 -0.000245204 0.000125533 1
0.079 -0.0042432 0.0438412 0.0452714 -0.0499602 -0.0849368 0.0174604 -0.0323018 -0.00813083 0.0488455 -0.040906 0.0423266 0.0215233 -0.0879557 0.000314946 -0.00114255 0.0966397 0.000283972 -0.000258091 0.000133886 1
0.08 -0.004362 0.0452295 0.046596 -0.0514008 -0.0877837 0.0180083 -0.0334296 -0.00853953 0.050271 -0.0420639 0.043963 0.022619 -0.0901132 0.000323328 -0.00116837 0.0966245 0.000296862 -0.000271457 0.000142555 1
0.081 -0.00448036 0.0466324 0.0479342 -0.0528536 -0.0906723 0.0185635 -0.0345742 -0.00895959 0.0517069 -0.0432333 0.0456277 0.023741 -0.0922686 0.000331772 -0.00119409 0.0966091 0.000310169 -0.000285313 0.000151542 1
0.082 -0.00459814 0.0480499 0.049286 -0.0543184 -0.0936026 0.0191259 -0.0357358 -0.00939115 0.0531531 -0.0444141 0.0473208 0.0248893 -0.0944213 0.000340272 -0.00121971 0.0965937 0.000323903 -0.000299673 0.000160849 1
0.083 -0.00471525 0.0494818 0.0506513 -0.0557953 -0.0965749 0.0196957 -0.0369142 -0.0098344 0.0546093 -0.0456064 0.0490423 0.0260641 -0.0965704 0.000348825 -0.00124523 0.0965781 0.000338075 -0.00031455 0.000170479 1
0.084 -0.00483156 0.0509282 0.05203 -0.0572842 -0.0995892 0.0202728 -0.0381097 -0.0102895 0.0560753 -0.0468104 0.0507922 0.0272653 -0.0987155 0.00035743 -0.00127063 0.0965624 0.000352695 -0.000329956 0.000180433 1
0.085 -0.00494695 0.0523891 0.0534221 -0.058785 -0.102646 0.0208573 -0.0393221 -0.0107566 0.0575507 -0.0480262 0.0525704 0.0284931 -0.100856 0.000366086 -0.00129592 0.0965466 0.000367776 -0.000345905 0.000190714 1
0.086 -0.00506131 0.0538643 0.0548275 -0.0602977 -0.105744 0.0214492 -0.0405515 -0.0112358 0.0590354 -0.0492537 0.0543772 0.0297475 -0.10299 0.000374794 -0.00132109 0.0965306 0.000383326 -0.000362409 0.000201324 1
0.087 -0.00517452 0.0553539 0.056246 -0.0618223 -0.108885 0.0220487 -0.041798 -0.0117275 0.0605292 -0.0504932 0.0562124 0.0310285 -0.105119 0.000383553 -0.00134613 0.0965145 0.000399359 -0.000379483 0.000212262 1
0.088 -0.00528646 0.0568579 0.0576778 -0.0633586 -0.112068 0.0226557 -0.0430616 -0.0122316 0.0620317 -0.0517447 0.0580761 0.0323363 -0.10724 0.000392363 -0.00137105 0.0964983 0.000415885 -0.00039714 0.00022353 1
0.089 -0.005397 0.0583761 0.0591225 -0.0649067 -0.115294 0.0232702 -0.0443422 -0.0127484 0.0635428 -0.0530083 0.0599683 0.0336709 -0.109354 0.000401223 -0.00139583 0.0964819 0.000432914 -0.000415393 0.000235129 1
0.09 -0.00550602 0.0599085 0.0605803 -0.0664665 -0.118562 0.0238924 -0.04564 -0.0132782 0.0650621 -0.054284 0.061889 0.0350325 -0.111459 0.000410131 -0.00142047 0.0964654 0.00045046 -0.000434256 0.000247058 1
0.091 -0.00561339 0.0614552 0.0620509 -0.0680379 -0.121873 0.0245222 -0.0469549 -0.013821 0.0665895 -0.0555719 0.0638383 0.036421 -0.113555 0.000419087 -0.00144496 0.0964487 0.000468533 -0.000453744 0.000259317 1
0.092 -0.005719 0.063016 0.0635343 -0.0696209 -0.125226 0.0251598 -0.048287 -0.0143771 0.0681246 -0.0568721 0.0658161 0.0378367 -0.115641 0.00042809 -0.0014693 0.0964319 0.000487144 -0.00047387 0.000271906 1
0.093 -0.0058227 0.0645909 0.0650304 -0.0712154 -0.128622 0.025805 -0.0496363 -0.0149467 0.0696673 -0.0581847 0.0678224 0.0392795 -0.117716 0.000437137 -0.00149349 0.0964149 0.000506306 -0.000494648 0.000284824 1
0.094 -0.00592439 0.0661799 0.0665392 -0.0728214 -0.13206 0.0264581 -0.0510028 -0.01553 0.0712172 -0.0595097 0.0698573 0.0407497 -0.11978 0.000446229 -0.00151751 0.0963978 0.00052603 -0.000516094 0.000298068 1
0.095 -0.00602391 0.0677829 0.0680604 -0.0744388 -0.135541 0.0271189 -0.0523865 -0.0161271 0.0727741 -0.0608472 0.0719208 0.0422472 -0.121831 0.000455364 -0.00154137 0.0963805 0.000546328 -0.000538221 0.000311638 1
0.096 -0.00612115 0.0693999 0.0695941 -0.0760676 -0.139065 0.0277876 -0.0537874 -0.0167383 0.0743378 -0.0621973 0.0740128 0.0437723 -0.12387 0.00046454 -0.00156505 0.096363 0.000567211 -0.000561044 0.00032553 1
0.097 -0.00621598 0.0710309 0.07114 -0.0777077 -0.142632 0.0284641 -0.0552056 -0.0173638 0.075908 -0.06356 0.0761334 0.045325 -0.125895 0.000473757 -0.00158855 0.0963454 0.000588692 -0.000584578 0.000339743 1
0.098 -0.00630825 0.0726757 0.0726982 -0.079359 -0.146241 0.0291486 -0.0566411 -0.0180038 0.0774844 -0.0649354 0.0782825 0.0469055 -0.127905 0.000483012 -0.00161186 0.0963276 0.000610782 -0.000608837 0.000354272 1
0.099 -0.00639785 0.0743344 0.0742684 -0.0810215 -0.149893 0.0298409 -0.0580938 -0.0186585 0.0790668 -0.0663235 0.0804601 0.0485138 -0.1299 0.000492304 -0.00163497 0.0963096 0.000633493 -0.000633836 0.000369115 1
0.1 -0.00648462 0.0760069 0.0758507 -0.0826951 -0.153587 0.0305412 -0.0595638 -0.0193281 0.0806548 -0.0677243 0.0826663 0.0501501 -0.131879 0.000501632 -0.00165788 0.0962914 0.000656838 -0.00065959 0.000384267 0.999999
0.101 -0.00656845 0.0776931 0.0774448 -0.0843797 -0.157324 0.0312495 -0.0610511 -0.0200128 0.0822484 -0.069138 0.0849009 0.0518145 -0.133841 0.000510994 -0.00168059 0.096273 0.000680827 -0.000686115 0.000399722 0.999999
0.102 -0.00664919 0.079393 0.0790506 -0.0860753 -0.161104 0.0319658 -0.0625557 -0.020713 0.0838471 -0.0705646 0.0871641 0.0535071 -0.135786 0.000520388 -0.00170308 0.0962544 0.000705473 -0.000713424 0.000415477 0.999999
0.103 -0.00672671 0.0811066 0.0806681 -0.0877818 -0.164926 0.0326901 -0.0640775 -0.0214287 0.0854508 -0.072004 0.0894556 0.0552281 -0.137712 0.000529814 -0.00172535 0.0962357 0.000730788 -0.000741532 0.000431526 0.999999
0.104 -0.00672548 0.0827846 0.0822702 -0.0895404 -0.168824 0.0333737 -0.0657172 -0.0221736 0.0869897 -0.0734417 0.0918596 0.0569383 -0.139596 0.000571296 -0.00178218 0.0962128 0.000758527 -0.000768846 0.000448695 0.999999
0.105 -0.00677866 0.0844843 0.0839198 -0.0912912 -0.17276 0.0341105 -0.0672941 -0.0229108 0.0885903 -0.0749106 0.0942085 0.0586738 -0.141494 0.000599577 -0.00181262 0.0961958 0.000785626 -0.000797542 0.000465385 0.999999
0.106 -0.00687439 0.08621 0.0855929 -0.0930171 -0.176693 0.0348729 -0.0688042 -0.0236582 0.0902239 -0.076371 0.0964974 0.060464 -0.143379 0.000606991 -0.00181998 0.0961721 0.000812238 -0.000828051 0.000481891 0.999999
0.107 -0.00692505 0.0878974 0.0872645 -0.0948104 -0.180737 0.0356343 -0.0704152 -0.0244097 0.091827 -0.0778449 0.0988937 0.0622401 -0.145236 0.000656304 -0.00184766 0.0961549 0.000840553 -0.000857333 0.00049907 0.999999
0.108 -0.00697644 0.0895943 0.0889616 -0.0966084 -0.184816 0.036399 -0.0720177 -0.0251883 0.0934466 -0.0793159 0.101273 0.0640679 -0.147097 0.000700211 -0.00187288 0.0961368 0.000869358 -0.000887592 0.000516512 0.999999
0.109 -0.0070237 0.0913025 0.0906877 -0.0984117 -0.188932 0.0371628 -0.0736172 -0.0260008 0.0950813 -0.0807837 0.103642 0.0659591 -0.148959 0.000737276 -0.00189798 0.0961188 0.000898797 -0.000918923 0.00053425 0.999999
0.11 -0.00706749 0.0930246 0.0924447 -0.100218 -0.193081 0.0379254 -0.0752119 -0.026851 0.0967311 -0.0822474 0.105999 0.067925 -0.150819 0.000765076 -0.00192253 0.0961008 0.000928892 -0.000951487 0.000552268 0.999999
0.111 -0.00710687 0.094752 0.0942256 -0.102033 -0.197273 0.038692 -0.0768126 -0.0277286 0.0983888 -0.0837125 0.108361 0.0699453 -0.152666 0.000791366 -0.00194686 0.096083 0.000959705 -0.000984966 0.000570575 0.999999
0.112 -0.00714153 0.0964831 0.0960288 -0.10386 -0.201509 0.0394639 -0.078421 -0.0286322 0.100053 -0.0851805 0.11073 0.0720165 -0.154497 0.000817623 -0.00197101 0.0960653 0.000991258 -0.00101931 0.000589167 0.999999
0.113 -0.0071713 0.0982175 0.097854 -0.105698 -0.20579 0.0402413 -0.0800373 -0.0295619 0.101723 -0.0866522 0.113108 0.0741385 -0.156312 0.000844114 -0.00199496 0.0960478 0.00102356 -0.00105452 0.00060804 0.999999
0.114 -0.00719604 0.099955 0.0997012 -0.107547 -0.210116 0.0410247 -0.0816612 -0.0305181 0.103398 -0.088128 0.115493 0.076312 -0.158109 0.0008709 -0.00201869 0.0960305 0.00105663 -0.00109061 0.000627188 0.999999
0.115 -0.00721559 0.101696 0.10157 -0.109407 -0.214487 0.0418141 -0.0832926 -0.0315015 0.105078 -0.0896085 0.117885 0.0785377 -0.159888 0.000898007 -0.00204216 0.0960133 0.00109047 -0.00112759 0.000646606 0.999999
0.116 -0.00722982 0.103439 0.103461 -0.111278 -0.218902 0.0426099 -0.0849312 -0.0325126 0.106763 -0.0910943 0.120284 0.0808162 -0.161647 0.000925456 -0.00206535 0.0959963 0.00112509 -0.00116548 0.000666285 0.999998
0.117 -0.00723858 0.105185 0.105373 -0.113159 -0.223363 0.0434122 -0.0865768 -0.033552 0.108452 -0.0925858 0.12269 0.0831485 -0.163387 0.000953268 -0.00208821 0.0959793 0.00116049 -0.00120428 0.000686218 0.999998
0.118 -0.00724172 0.106934 0.107307 -0.115051 -0.227868 0.0442212 -0.088229 -0.0346205 0.110146 -0.0940836 0.125102 0.0855353 -0.165106 0.000981464 -0.00211073 0.0959626 0.00119669 -0.00124401 0.000706398 0.999998
0.119 -0.00723908 0.108686 0.109262 -0.116953 -0.232418 0.0450371 -0.0898876 -0.0357186 0.111843 -0.0955879 0.127519 0.0879777 -0.166802 0.00101007 -0.00213286 0.0959459 0.0012337 -0.00128469 0.000726814 0.999998
0.12 -0.00723052 0.110439 0.111238 -0.118866 -0.237013 0.04586 -0.0915523 -0.036847 0.113543 -0.0970994 0.129942 0.0904765 -0.168477 0.0010391 -0.00215457 0.0959294 0.00127151 -0.00132632 0.000747458 0.999998
0.121 -0.00721588 0.112195 0.113236 -0.120788 -0.241652 0.0466903 -0.0932228 -0.0380065 0.115247 -0.0986183 0.132369 0.0930328 -0.170128 0.00106859 -0.00217584 0.095913 0.00131013 -0.00136892 0.000768318 0.999998
0.122 -0.00719502 0.113953 0.115254 -0.122721 -0.246336 0.047528 -0.0948987 -0.0391979 0.116953 -0.100145 0.1348 0.0956476 -0.171754 0.00109857 -0.00219663 0.0958967 0.00134957 -0.00141249 0.000789383 0.999998
0.123 -0.00716777 0.115713 0.117294 -0.124663 -0.251065 0.0483733 -0.0965797 -0.0404219 0.118662 -0.10168 0.137235 0.0983223 -0.173356 0.00112906 -0.0022169 0.0958805 0.00138982 -0.00145706 0.000810641 0.999998
0.124 -0.00713397 0.117475 0.119354 -0.126615 -0.255839 0.0492264 -0.0982654 -0.0416793 0.120372 -0.103224 0.139673 0.101058 -0.174933 0.0011601 -0.00223663 0.0958644 0.0014309 -0.00150262 0.00083208 0.999998
0.125 -0.00709347 0.119239 0.121434 -0.128577 -0.260656 0.0500873 -0.0999554 -0.0429712 0.122085 -0.104777 0.142112 0.103856 -0.176482 0.00119172 -0.00225577 0.0958485 0.0014728 -0.0015492 0.000853685 0.999997
0.126 -0.00704611 0.121004 0.123535 -0.130547 -0.265518 0.0509563 -0.101649 -0.0442982 0.123798 -0.106339 0.144554 0.106717 -0.178005 0.00122395 -0.00227429 0.0958326 0.00151552 -0.00159679 0.000875443 0.999997
0.127 -0.00699172 0.122771 0.125656 -0.132527 -0.270425 0.0518335 -0.103347 -0.0456615 0.125513 -0.107911 0.146996 0.109644 -0.179499 0.00125683 -0.00229217 0.0958168 0.00155906 -0.00164542 0.000897337 0.999997
0.128 -0.00693015 0.124539 0.127797 -0.134516 -0.275375 0.052719 -0.105048 -0.0470619 0.127228 -0.109493 0.149438 0.112637 -0.180965 0.0012904 -0.00230935 0.0958012 0.00160341 -0.00169509 0.000919351 0.999997
0.129 -0.00686122 0.126308 0.129959 -0.136514 -0.280369 0.053613 -0.106751 -0.0485006 0.128944 -0.111085 0.15188 0.115698 -0.182401 0.00132471 -0.00232581 0.0957856 0.00164857 -0.00174581 0.000941469 0.999997
0.13 -0.00678477 0.128079 0.132139 -0.13852 -0.285407 0.0545154 -0.108457 -0.0499787 0.13066 -0.112688 0.15432 0.11883 -0.183807 0.0013598 -0.00234151 0.0957701 0.00169454 -0.00179758 0.000963672 0.999996
0.131 -0.00670064 0.12985 0.13434 -0.140535 -0.290489 0.0554266 -0.110164 -0.0514973 0.132375 -0.114301 0.156757 0.122033 -0.185182 0.00139572 -0.00235641 0.0957547 0.0017413 -0.00185042 0.000985941 0.999996
0.132 -0.00660864 0.131622 0.13656 -0.142559 -0.295614 0.0563465 -0.111872 -0.0530577 0.134089 -0.115926 0.159192 0.125311 -0.186526 0.00143253 -0.00237047 0.0957394 0.00178884 -0.00190433 0.00100826 0.999996
0.133 -0.00650861 0.133394 0.138798 -0.14459 -0.300783 0.0572752 -0.113582 -0.0546611 0.135803 -0.117561 0.161622 0.128664 -0.187837 0.00147028 -0.00238365 0.0957242 0.00183715 -0.00195932 0.0010306 0.999996
0.134 -0.00640037 0.135167 0.141056 -0.146629 -0.305994 0.0582129 -0.115291 -0.056309 0.137515 -0.119209 0.164048 0.132096 -0.189116 0.00150905 -0.00239592 0.0957091 0.00188621 -0.0020154 0.00105294 0.999996
0.135 -0.00628374 0.13694 0.143332 -0.148676 -0.311249 0.0591596 -0.117 -0.0580027 0.139225 -0.120867 0.166467 0.135608 -0.190361 0.00154889 -0.00240723 0.095694 0.00193601 -0.00207256 0.00107527 0.999995
0.136 -0.00620857 0.138733 0.145622 -0.150695 -0.316495 0.0601327 -0.118628 -0.0597325 0.140951 -0.122507 0.168803 0.139221 -0.191559 0.00157012 -0.00239264 0.0956721 0.00198527 -0.00213179 0.00109701 0.999995
0.137 -0.00605431 0.140465 0.147905 -0.152801 -0.32189 0.0611056 -0.120404 -0.0614754 0.142634 -0.124206 0.171293 0.142798 -0.192726 0.00165158 -0.0024129 0.0956602 0.00203697 -0.00218917 0.00111933 0.999995
0.138 -0.00590787 0.142216 0.150216 -0.154895 -0.3273 0.0620848 -0.12213 -0.063296 0.144327 -0.125892 0.173708 0.14653 -0.19387 0.00171795 -0.00242308 0.0956462 0.00208869 -0.00224835 0.0011414 0.999995
0.139 -0.00575487 0.143986 0.15256 -0.156979 -0.33273 0.0630638 -0.123824 -0.0652049 0.146027 -0.127579 0.17607 0.150427 -0.194988 0.00176806 -0.00243038 0.0956322 0.00214079 -0.00230939 0.00116329 0.999994
0.14 -0.00559301 0.14576 0.154926 -0.159068 -0.338199 0.0640505 -0.125508 -0.0671767 0.147724 -0.129276 0.178411 0.154436 -0.196073 0.00181607 -0.00243607 0.0956182 0.00219343 -0.00237171 0.00118503 0.999994
0.141 -0.00542161 0.147534 0.157309 -0.161162 -0.343709 0.0650466 -0.127186 -0.0692078 0.149417 -0.130987 0.180736 0.15855 -0.19712 0.00186506 -0.00244042 0.0956044 0.00224659 -0.00243517 0.0012066 0.999994
0.142 -0.00524032 0.149306 0.159709 -0.163261 -0.34926 0.0660522 -0.12886 -0.0712993 0.151105 -0.13271 0.183047 0.162769 -0.198129 0.00191578 -0.00244342 0.0955906 0.00230024 -0.00249975 0.00122797 0.999993
0.143 -0.0050489 0.151078 0.162127 -0.165367 -0.354854 0.0670675 -0.130527 -0.0734536 0.152787 -0.134447 0.185341 0.167098 -0.1991 0.00196847 -0.00244503 0.095577 0.00235433 -0.00256544 0.0012491 0.999993
0.144 -0.00484708 0.152847 0.164561 -0.167479 -0.360489 0.0680926 -0.132188 -0.0756735 0.154463 -0.136196 0.187618 0.171542 -0.200032 0.00202334 -0.00244519 0.0955634 0.0024088 -0.00263225 0.00126996 0.999993
0.145 -0.00463458 0.154615 0.167011 -0.169596 -0.366165 0.0691273 -0.133842 -0.077962 0.156132 -0.137959 0.189876 0.176105 -0.200924 0.00208059 -0.00244386 0.0955501 0.00246358 -0.00270016 0.00129051 0.999992
0.146 -0.00441111 0.156381 0.169477 -0.171718 -0.371884 0.0701718 -0.135487 -0.0803223 0.157794 -0.139736 0.192113 0.180794 -0.201775 0.00214044 -0.00244095 0.0955368 0.00251861 -0.00276917 0.00131072 0.999992
0.147 -0.00417635 0.158144 0.171958 -0.173845 -0.377643 0.0712259 -0.137123 -0.082758 0.159447 -0.141525 0.194327 0.185616 -0.202586 0.00220314 -0.00243642 0.0955238 0.00257379 -0.00283928 0.00133054 0.999992
0.148 -0.00392995 0.159904 0.174454 -0.175976 -0.383444 0.0722897 -0.138748 -0.085273 0.16109 -0.143328 0.196518 0.190577 -0.203355 0.00226899 -0.00243018 0.0955109 0.00262904 -0.00291047 0.00134993 0.999991
0.149 -0.00367154 0.161661 0.176965 -0.178112 -0.389286 0.0733631 -0.140363 -0.0878718 0.162724 -0.145143 0.198682 0.195685 -0.204081 0.00233831 -0.00242217 0.0954982 0.00268425 -0.00298275 0.00136884 0.999991
0.15 -0.0034007 0.163414 0.17949 -0.180253 -0.39517 0.074446 -0.141966 -0.0905589 0.164346 -0.146972 0.200819 0.200948 -0.204765 0.00241149 -0.0024123 0.0954857 0.0027393 -0.00305609 0.00138722 0.999991
0.151 -0.00303468 0.165162 0.182024 -0.182418 -0.401104 0.0754673 -0.143649 -0.0933894 0.165902 -0.148794 0.203004 0.206398 -0.205399 0.00249209 -0.00243862 0.095468 0.00279597 -0.00313027 0.00140586 0.99999
0.152 -0.00272507 0.16694 0.18461 -0.184542 -0.40704 0.0765546 -0.145206 -0.0963163 0.167504 -0.150675 0.205042 0.212074 -0.206 0.00254422 -0.00243045 0.0954574 0.00285086 -0.00320713 0.00142294 0.99999
0.153 -0.00245306 0.168721 0.187191 -0.186644 -0.412977 0.0776706 -0.146686 -0.0993007 0.169104 -0.152527 0.207004 0.217883 -0.206535 0.00259223 -0.0023952 0.0954397 0.00290432 -0.00328564 0.00143893 0.999989
0.154 -0.00211845 0.170432 0.189748 -0.188825 -0.419057 0.0788023 -0.148288 -0.102301 0.170658 -0.154444 0.209093 0.22365 -0.207025 0.00270799 -0.00238403 0.0954282 0.00295859 -0.00336209 0.00145465 0.999989
0.155 -0.00177787 0.17217 0.19234 -0.190982 -0.425138 0.0799296 -0.149821 -0.105482 0.172205 -0.156344 0.211073 0.229765 -0.207472 0.00280072 -0.0023648 0.0954162 0.00301142 -0.00344091 0.00146939 0.999988
0.156 -0.00142043 0.173896 0.194938 -0.193148 -0.43127 0.0810676 -0.151344 -0.108779 0.17373 -0.158258 0.213025 0.236081 -0.207869 0.00290587 -0.0023439 0.0954047 0.00306317 -0.00352047 0.00148325 0.999988
0.157 -0.00104594 0.175612 0.197546 -0.195318 -0.437447 0.0822141 -0.152849 -0.112213 0.175231 -0.160181 0.214933 0.242642 -0.208217 0.00301978 -0.00232055 0.0953937 0.00311346 -0.00360095 0.00149612 0.999988
0.158 -0.00065303 0.177318 0.200163 -0.197493 -0.443671 0.083369 -0.154335 -0.115796 0.176706 -0.162115 0.216798 0.249465 -0.208514 0.00314472 -0.00229473 0.0953833 0.00316197 -0.00368229 0.00150792 0.999987
0.159 -0.000240057 0.179011 0.202785 -0.199674 -0.449947 0.0845324 -0.155803 -0.119541 0.17815 -0.164057 0.218619 0.256576 -0.208758 0.00328318 -0.00226638 0.0953735 0.00320831 -0.00376442 0.00151855 0.999987
0.16 0.000195234 0.180686 0.205411 -0.201865 -0.456279 0.0857043 -0.157253 -0.123463 0.179558 -0.166007 0.220394 0.264002 -0.208948 0.00343912 -0.00223556 0.0953645 0.00325198 -0.00384719 0.00152788 0.999986
0.161 0.000656392 0.182339 0.208036 -0.204073 -0.462678 0.0868849 -0.158692 -0.127579 0.180922 -0.167962 0.222129 0.271769 -0.20908 0.00361998 -0.00220273 0.0953566 0.0032924 -0.00393034 0.00153579 0.999986
0.162 0.00113939 0.184006 0.210687 -0.206262 -0.469099 0.0880615 -0.160065 -0.131988 0.182248 -0.169907 0.22375 0.280088 -0.209155 0.00379228 -0.00216293 0.0953497 0.0033285 -0.0040156 0.00154199 0.999985
0.163 0.00164867 0.185676 0.213356 -0.208444 -0.475557 0.0892375 -0.16139 -0.136684 0.183528 -0.171849 0.225281 0.28894 -0.209169 0.00396692 -0.00211761 0.0953437 0.00335992 -0.00410261 0.00154642 0.999985
0.164 0.00218857 0.187343 0.216038 -0.210623 -0.48206 0.0904136 -0.162675 -0.141683 0.184755 -0.173788 0.226737 0.298348 -0.209119 0.00415032 -0.00206753 0.0953389 0.00338605 -0.00419124 0.00154894 0.999984
0.165 0.00276381 0.189005 0.21873 -0.212803 -0.488614 0.0915892 -0.163925 -0.14701 0.18592 -0.175723 0.228121 0.308357 -0.208999 0.00434711 -0.00201303 0.0953354 0.00340604 -0.00428146 0.00154936 0.999984
0.166 0.0033799 0.19066 0.22143 -0.214987 -0.495226 0.0927625 -0.165142 -0.152706 0.187013 -0.17765 0.229435 0.31904 -0.208805 0.00456059 -0.00195422 0.0953335 0.00341882 -0.00437339 0.00154745 0.999983
0.167 0.00404338 0.192307 0.224139 -0.217176 -0.501899 0.0939305 -0.166323 -0.158824 0.188022 -0.179567 0.230675 0.330496 -0.208531 0.00479286 -0.00189096 0.0953335 0.00342301 -0.00446726 0.00154292 0.999983
0.168 0.0047622 0.19395 0.226859 -0.219368 -0.508636 0.0950895 -0.167467 -0.165431 0.188932 -0.181467 0.231837 0.342849 -0.208169 0.00504479 -0.00182298 0.0953355 0.00341695 -0.00456347 0.00153542 0.999983
0.169 0.0056134 0.195663 0.229629 -0.221541 -0.515377 0.0961544 -0.16858 -0.172746 0.189694 -0.183327 0.232888 0.356467 -0.20771 0.00526549 -0.00177856 0.0953334 0.00340007 -0.00466496 0.00152513 0.999982
0.17 0.00647059 0.197388 0.232429 -0.22368 -0.522159 0.0972665 -0.169574 -0.180593 0.190383 -0.185227 0.233788 0.371085 -0.207157 0.00549147 -0.00170078 0.0953388 0.00336927 -0.00477038 0.0015105 0.999982
0.171 0.00736666 0.199126 0.235222 -0.225807 -0.528976 0.0983559 -0.170479 -0.189065 0.190941 -0.187007 0.23457 0.386871 -0.206483 0.00573189 -0.00159813 0.0953403 0.0033226 -0.0048799 0.00149152 0.999981
0.172 0.00841338 0.200869 0.238051 -0.227953 -0.53589 0.0994022 -0.171416 -0.198296 0.191331 -0.188838 0.235333 0.40396 -0.205704 0.00599636 -0.0015199 0.0953495 0.00325962 -0.00499357 0.0014684 0.999981
0.173 0.00957449 0.20264 0.240909 -0.230078 -0.542858 0.100399 -0.172298 -0.208405 0.191532 -0.190616 0.23599 0.422622 -0.204791 0.0062677 -0.00143816 0.0953596 0.00317599 -0.00511349 0.00144001 0.999981
0.174 0.0109353 0.204503 0.243831 -0.232174 -0.549843 0.101272 -0.173153 -0.219596 0.191487 -0.192341 0.236538 0.443157 -0.20373 0.00650837 -0.00138284 0.0953663 0.00306998 -0.00524237 0.00140621 0.999981
0.175 0.012406 0.206405 0.246795 -0.234222 -0.556872 0.102115 -0.17392 -0.231726 0.191244 -0.194046 0.236952 0.465318 -0.202519 0.00674886 -0.00131253 0.0953768 0.00293871 -0.00537924 0.00136554 0.99998
0.176 0.0141054 0.208398 0.249825 -0.236237 -0.563931 0.102821 -0.17468 -0.244984 0.19072 -0.195696 0.237283 0.489335 -0.201144 0.00696469 -0.00127284 0.0953839 0.0027811 -0.00552622 0.00131824 0.99998
0.177 0.0160344 0.210477 0.252922 -0.238206 -0.571016 0.103391 -0.175436 -0.25932 0.189914 -0.1973 0.237537 0.515049 -0.199599 0.0071562 -0.00126341 0.0953874 0.0025966 -0.00568348 0.00126365 0.99998
0.178 0.0181902 0.21264 0.256084 -0.240118 -0.578128 0.103828 -0.176192 -0.274657 0.188826 -0.198862 0.237722 0.542254 -0.197881 0.00732391 -0.00128389 0.0953873 0.00238528 -0.00585088 0.00120114 0.999979
0.179 0.0205656 0.21488 0.259312 -0.24196 -0.58526 0.104134 -0.176951 -0.290898 0.187465 -0.200389 0.237846 0.570705 -0.195992 0.00746851 -0.00133394 0.0953832 0.0021479 -0.00602797 0.00113023 0.999979
0.18 0.0231491 0.217191 0.262602 -0.243722 -0.592408 0.104315 -0.177716 -0.307929 0.185844 -0.20189 0.237916 0.600135 -0.193933 0.00759083 -0.00141318 0.0953749 0.00188591 -0.00621396 0.00105057 0.999978
0.181 0.0259259 0.219564 0.265951 -0.245394 -0.599567 0.104379 -0.17849 -0.325624 0.183979 -0.203371 0.237942 0.630266 -0.191712 0.00769187 -0.00152126 0.0953621 0.00160132 -0.00640778 0.000961993 0.999978
0.182 0.0288781 0.221987 0.269355 -0.246967 -0.606729 0.104333 -0.179279 -0.343854 0.181895 -0.204841 0.237933 0.660824 -0.189335 0.00777293 -0.00165789 0.0953444 0.00129667 -0.00660813 0.000864475 0.999977
0.183 0.0319861 0.224451 0.272808 -0.248437 -0.613889 0.104187 -0.180087 -0.36249 0.179614 -0.206308 0.237901 0.691551 -0.186813 0.00783574 -0.00182297 0.0953214 0.000974895 -0.00681351 0.000758154 0.999976
0.184 0.0352182 0.22694 0.276304 -0.249803 -0.621043 0.103962 -0.180911 -0.381394 0.17717 -0.207783 0.237852 0.722204 -0.184159 0.00788625 -0.00201151 0.0952935 0.000638858 -0.00702213 0.000643193 0.999975
0.185 0.0385081 0.229444 0.279827 -0.251076 -0.628195 0.103712 -0.181716 -0.400423 0.174614 -0.209274 0.23777 0.752579 -0.181386 0.00793848 -0.00220116 0.0952642 0.000290042 -0.00723212 0.000519482 0.999974
0.186 0.0418533 0.231964 0.283376 -0.252262 -0.635347 0.103438 -0.182502 -0.419575 0.171947 -0.210783 0.237655 0.782677 -0.178493 0.0079924 -0.00239188 0.0952335 -7.11498e-05 -0.00744328 0.000387285 0.999972
0.187 0.0452512 0.234497 0.286951 -0.253367 -0.642497 0.103141 -0.18327 -0.438846 0.169173 -0.21231 0.237509 0.8125 -0.175478 0.00804798 -0.00258364 0.0952012 -0.000444301 -0.00765541 0.000246847 0.999971
0.188 0.0486988 0.237045 0.290553 -0.254399 -0.649646 0.102822 -0.18402 -0.458233 0.166293 -0.213854 0.237332 0.842049 -0.172339 0.00810517 -0.0027764 0.0951674 -0.000828981 -0.00786828 9.84051e-05 0.999969
0.189 0.0521931 0.239607 0.294182 -0.255362 -0.656794 0.102482 -0.184753 -0.477733 0.163309 -0.215415 0.237127 0.87132 -0.169075 0.00816395 -0.00297014 0.095132 -0.00122474 -0.00808165 -5.78166e-05 0.999967
0.19 0.0557309 0.242183 0.297836 -0.256263 -0.663939 0.102122 -0.185469 -0.49734 0.160225 -0.216993 0.236894 0.900313 -0.165682 0.00822425 -0.00316481 0.0950948 -0.00163112 -0.00829527 -0.000221602 0.999964
0.191 0.0593089 0.244771 0.301515 -0.257105 -0.67108 0.101744 -0.186169 -0.51705 0.157042 -0.218589 0.236635 0.929023 -0.162158 0.00828605 -0.00336038 0.095056 -0.00204763 -0.00850889 -0.000392744 0.999962
0.192 0.0629236 0.247371 0.30522 -0.257896 -0.678216 0.101347 -0.186854 -0.536856 0.153764 -0.220203 0.236351 0.957446 -0.158501 0.00834928 -0.00355683 0.0950154 -0.00247378 -0.00872221 -0.000571041 0.999959
0.193 0.0665712 0.249983 0.308949 -0.258639 -0.685346 0.100935 -0.187524 -0.556753 0.150392 -0.221833 0.236043 0.985578 -0.154706 0.00841391 -0.00375412 0.0949729 -0.00290906 -0.00893496 -0.000756298 0.999956
0.194 0.070248 0.252606 0.312702 -0.25934 -0.692467 0.100507 -0.188179 -0.576732 0.146929 -0.223481 0.235713 1.01341 -0.150771 0.00847988 -0.00395223 0.0949285 -0.00335292 -0.00914683 -0.000948322 0.999952
0.195 0.0739499 0.255239 0.316478 -0.260004 -0.699578 0.100065 -0.18882 -0.596787 0.143378 -0.225147 0.235361 1.04094 -0.146693 0.00854713 -0.00415111 0.0948821 -0.00380484 -0.00935751 -0.00114693 0.999948
0.196 0.0776728 0.25788 0.320277 -0.260636 -0.706677 0.0996103 -0.189447 -0.616909 0.13974 -0.22683 0.234991 1.06817 -0.142466 0.00861562 -0.00435076 0.0948337 -0.00426424 -0.00956668 -0.00135194 0.999944
0.197 0.0814126 0.26053 0.324097 -0.261242 -0.71376 0.0991449 -0.190061 -0.637091 0.136019 -0.228532 0.234602 1.09507 -0.138088 0.00868528 -0.00455113 0.0947832 -0.00473056 -0.00977401 -0.00156316 0.99994
0.198 0.0851648 0.263187 0.327939 -0.261826 -0.720825 0.0986699 -0.190662 -0.657323 0.132217 -0.230251 0.234196 1.12166 -0.133553 0.00875605 -0.00475219 0.0947304 -0.0052032 -0.00997916 -0.00178044 0.999935
0.199 0.088925 0.26585 0.3318 -0.262394 -0.727869 0.098187 -0.19125 -0.677596 0.128336 -0.231988 0.233775 1.14791 -0.128857 0.00882787 -0.00495394 0.0946754 -0.00568157 -0.0101818 -0.00200359 0.99993
0.2 0.0926886 0.268518 0.335681 -0.262951 -0.734888 0.0976977 -0.191827 -0.697901 0.124378 -0.233745 0.23334 1.17383 -0.123995 0.00890068 -0.00515633 0.0946181 -0.00616505 -0.0103815 -0.00223245 0.999925
0.201 0.0964509 0.271189 0.33958 -0.263504 -0.74188 0.0972037 -0.192391 -0.718227 0.120347 -0.23552 0.232893 1.1994 -0.118962 0.00897441 -0.00535935 0.0945583 -0.00665303 -0.010578 -0.00246687 0.999919
0.202 0.100207 0.273864 0.343496 -0.264059 -0.748841 0.0967067 -0.192944 -0.738564 0.116243 -0.237315 0.232435 1.22463 -0.113751 0.009049 -0.00556298 0.0944961 -0.00714489 -0.0107709 -0.00270667 0.999913
0.203 0.103953 0.276539 0.347428 -0.264622 -0.755765 0.0962085 -0.193485 -0.758902 0.112068 -0.23913 0.231966 1.24949 -0.108356 0.00912439 -0.00576719 0.0944313 -0.00763999 -0.0109599 -0.00295171 0.999906
0.204 0.107683 0.279215 0.351375 -0.265199 -0.76265 0.0957109 -0.194015 -0.779229 0.107826 -0.240965 0.231489 1.274 -0.102772 0.00920049 -0.00597196 0.0943638 -0.0081377 -0.0111445 -0.00320186 0.9999
0.205 0.111392 0.281889 0.355336 -0.265797 -0.769491 0.0952157 -0.194534 -0.799536 0.103516 -0.24282 0.231005 1.29813 -0.0969905 0.00927725 -0.00617728 0.0942937 -0.00863738 -0.0113244 -0.00345696 0.999893
0.206 0.115077 0.284561 0.35931 -0.266424 -0.776284 0.0947246 -0.195041 -0.819809 0.0991413 -0.244697 0.230515 1.32189 -0.0910044 0.00935459 -0.00638314 0.0942207 -0.0091384 -0.0114993 -0.0037169 0.999885
0.207 0.118731 0.287229 0.363295 -0.267086 -0.783023 0.0942395 -0.195538 -0.840039 0.094702 -0.246596 0.230021 1.34527 -0.0848058 0.00943243 -0.00658952 0.094145 -0.00964011 -0.0116688 -0.00398156 0.999878
0.208 0.12235 0.289891 0.367291 -0.267792 -0.789705 0.0937621 -0.196025 -0.860213 0.0901991 -0.248518 0.229523 1.36826 -0.0783865 0.00951072 -0.00679641 0.0940663 -0.0101419 -0.0118325 -0.00425083 0.99987
0.209 0.12593 0.292547 0.371295 -0.268549 -0.796323 0.0932944 -0.1965 -0.880321 0.0856333 -0.250462 0.229022 1.39087 -0.0717375 0.00958937 -0.00700381 0.0939846 -0.0106431 -0.0119901 -0.00452462 0.999861
0.21 0.129465 0.295195 0.375307 -0.269366 -0.802873 0.0928379 -0.196965 -0.90035 0.0810047 -0.25243 0.228521 1.41309 -0.0648496 0.00966832 -0.00721171 0.0938998 -0.0111432 -0.0121413 -0.00480284 0.999853
0.211 0.132951 0.297833 0.379324 -0.27025 -0.809349 0.0923944 -0.19742 -0.920289 0.0763133 -0.254422 0.228019 1.4349 -0.0577128 0.00974749 -0.0074201 0.093812 -0.0116415 -0.0122857 -0.00508545 0.999844
0.212 0.136384 0.30046 0.383347 -0.271211 -0.815747 0.0919655 -0.197864 -0.940127 0.0715585 -0.256439 0.227518 1.45633 -0.0503169 0.0098268 -0.00762901 0.0937209 -0.0121374 -0.012423 -0.00537238 0.999835
0.213 0.139759 0.303075 0.387373 -0.272256 -0.82206 0.0915527 -0.198297 -0.959853 0.0667396 -0.25848 0.227019 1.47735 -0.0426511 0.00990618 -0.00783842 0.0936266 -0.0126303 -0.0125529 -0.0056636 0.999825
0.214 0.143071 0.305675 0.3914 -0.273394 -0.828284 0.0911576 -0.19872 -0.979455 0.0618552 -0.260547 0.226523 1.49797 -0.0347044 0.00998557 -0.00804835 0.093529 -0.0131198 -0.0126751 -0.00595911 0.999816
0.215 0.146317 0.308261 0.395428 -0.274634 -0.834413 0.0907815 -0.199132 -0.998922 0.0569038 -0.26264 0.22603 1.5182 -0.0264651 0.0100649 -0.00825882 0.0934281 -0.0136051 -0.0127894 -0.00625891 0.999806
0.216 0.149493 0.310829 0.399454 -0.275985 -0.840442 0.0904257 -0.199534 -1.01825 0.0518834 -0.264758 0.225542 1.53802 -0.0179215 0.0101441 -0.00846984 0.0933237 -0.0140858 -0.0128955 -0.00656303 0.999796
0.217 0.152583 0.313369 0.403462 -0.277447 -0.846342 0.0900926 -0.199924 -1.03734 0.0468107 -0.266894 0.225062 1.55738 -0.0090949 0.0102227 -0.00868063 0.0932164 -0.0145597 -0.0129927 -0.00687034 0.999786
0.218 0.153043 0.313934 0.40456 -0.278126 -0.847909 0.0904688 -0.200055 -1.03981 0.0459645 -0.267957 0.225094 1.55738 -0.00686152 0.0104688 -0.00871199 0.0932542 -0.0146977 -0.0130075 -0.00695743 0.999783
0.219 0.15497 0.316012 0.408538 -0.281166 -0.853777 0.0914694 -0.200486 -1.04954 0.0416088 -0.270966 0.225099 1.55697 0.00348863 0.011343 -0.00882487 0.0933831 -0.0152102 -0.0130798 -0.00727249 0.999772
0.22 0.157235 0.318158 0.412588 -0.284939 -0.859958 0.0921971 -0.20089 -1.0603 0.0355614 -0.273385 0.225007 1.556 0.0169326 0.0122145 -0.00893928 0.0935067 -0.0157453 -0.0131753 -0.00759433 0.99976
0.221 0.159891 0.320374 0.41671 -0.289577 -0.866482 0.0926982 -0.201274 -1.07223 0.0273626 -0.275356 0.224829 1.55429 0.0343942 0.0130826 -0.00905579 0.0936259 -0.0163051 -0.0132984 -0.00792594 0.999747
0.222 0.163009 0.322661 0.4209 -0.295247 -0.873384 0.0930022 -0.201646 -1.08546 0.0164065 -0.276987 0.224572 1.55159 0.0570947 0.0139463 -0.00917519 0.0937418 -0.0168918 -0.0134545 -0.00827185 0.999733
0.223 0.166676 0.325014 0.425154 -0.302156 -0.880709 0.0931218 -0.202018 -1.10018 0.00189278 -0.278358 0.224244 1.54757 0.086638 0.0148048 -0.00929869 0.0938556 -0.0175072 -0.0136506 -0.00863884 0.999716
0.224 0.171012 0.32742 0.429458 -0.310576 -0.888523 0.0930503 -0.202408 -1.11664 -0.0172267 -0.279522 0.22386 1.54177 0.125091 0.015657 -0.00942809 0.0939689 -0.0181523 -0.0138954 -0.00903715 0.999698
0.225 0.176179 0.329858 0.43379 -0.320871 -0.896927 0.0927559 -0.202848 -1.13514 -0.0422847 -0.280503 0.223437 1.53358 0.174998 0.0165018 -0.00956612 0.0940837 -0.0188261 -0.0142006 -0.00948207 0.999677
0.226 0.182403 0.332288 0.438113 -0.333543 -0.906084 0.092173 -0.203386 -1.15611 -0.0748659 -0.281291 0.223008 1.52209 0.239191 0.0173382 -0.00971693 0.0942026 -0.0195255 -0.0145816 -0.009996 0.999653
0.227 0.189982 0.334657 0.442381 -0.3493 -0.916238 0.0911968 -0.20409 -1.18005 -0.116599 -0.281836 0.222608 1.50589 0.320165 0.0181653 -0.00988651 0.0943288 -0.0202451 -0.0150581 -0.0106101 0.999625
0.228 0.199271 0.336917 0.446546 -0.369146 -0.927708 0.0896989 -0.205024 -1.20745 -0.168688 -0.282077 0.222259 1.48265 0.418843 0.0189818 -0.010083 0.0944662 -0.0209819 -0.0156532 -0.0113637 0.999593
0.229 0.210642 0.339066 0.45059 -0.394471 -0.940837 0.0875842 -0.206184 -1.23846 -0.231372 -0.282019 0.221899 1.44806 0.53325 0.019784 -0.0103166 0.0946193 -0.0217471 -0.0163911 -0.0123003 0.999553
0.23 0.224461 0.341224 0.454572 -0.427097 -0.955924 0.0848875 -0.207398 -1.27239 -0.30397 -0.281885 0.221286 1.39377 0.658613 0.0205618 -0.0105996 0.0947945 -0.0225888 -0.0172982 -0.0134641 0.999504
0.231 0.241242 0.343753 0.458703 -0.468984 -0.973283 0.0818827 -0.208167 -1.3066 -0.386002 -0.282322 0.219822 1.30179 0.78959 0.0212896 -0.0109498 0.0950037 -0.0236273 -0.0184156 -0.0149073 0.99944
0.232 0.262225 0.347605 0.463578 -0.519918 -0.99359 0.079337 -0.207255 -1.33262 -0.478949 -0.284951 0.216071 1.12617 0.922533 0.0219061 -0.0114012 0.0952757 -0.025157 -0.0198387 -0.0167119 0.999347
0.233 0.291619 0.355996 0.471417 -0.562107 -1.01989 0.079819 -0.201083 -1.312 -0.588825 -0.294898 0.205748 0.707433 1.05529 0.0222376 -0.0120257 0.0957013 -0.0280126 -0.0218921 -0.0189392 0.999188
0.234 0.34334 0.380529 0.492627 -0.489836 -1.07031 0.0951863 -0.18141 -0.933955 -0.717298 -0.332106 0.178075 -0.856442 1.17217 0.0218066 -0.0128333 0.0966242 -0.0334535 -0.0260789 -0.0201265 0.998897
0.235 0.18307 0.356748 0.539436 -0.557514 -1.00172 0.422334 -0.0796144 -0.151989 -0.257067 -0.642105 0.121092 -0.856442 0.708407 0.145015 0.00695481 0.159395 -0.0482683 -0.0287554 -0.0187077 0.998245
0.236 0.0938023 0.471223 0.662479 -0.685359 -0.84093 0.536117 0.232796 0.273451 0.0913572 -0.523241 0.0829853 -0.760929 0.708407 0.440069 -0.0371564 1.85507 -0.16325 -0.128258 -0.0950048 0.973588
