Set: generalized_qdd <-- [0, 0, 0, 0, 0, 0, 0, 0, 0, 0, 0, 0, 0, 0, 0, 0, 0, 0] 
generalized_qdd = [0 0 0 0 0 0 0 0 0 0 0 0 0 0 0 0 0 0 ]';
Set: generalized_qdd <-- [7.5870961, -7.5871008, -7.5871008, 7.5870961, -102.1076, 102.1076, 102.1076, -102.1076, 247.3234, -247.3234, -247.3234, 247.3234, -1.6935415e-26, -4.3442661e-18, -10.954996, -9.2557615e-23, 0, -5.9380614e-07] 
generalized_qdd = [7.58709608 -7.5871008 -7.5871008 7.58709608 -102.107599 102.1076 102.1076 -102.107599 247.323399 -247.323402 -247.323402 247.323399 -1.6935415e-26 -4.34426612e-18 -10.9549957 -9.25576146e-23 0 -5.93806137e-07 ]';
Set: generalized_qdd <-- [6.3188727, -6.3188773, -6.3188773, 6.3188727, -84.988406, 84.988406, 84.988406, -84.988406, 205.83735, -205.83736, -205.83736, 205.83735, -1.853324e-17, -2.5220802e-18, -10.763312, -6.2382737e-16, 5.6396632e-15, -4.0013934e-07] 
generalized_qdd = [6.31887274 -6.31887727 -6.31887727 6.31887274 -84.9884057 84.9884064 84.9884064 -84.9884057 205.837355 -205.837357 -205.837357 205.837355 -1.85332397e-17 -2.52208024e-18 -10.7633118 -6.23827365e-16 5.63966325e-15 -4.0013934e-07 ]';
Set: generalized_qdd <-- [4.8423436, -4.8423477, -4.8423477, 4.8423436, -65.017004, 65.017004, 65.017004, -65.017004, 157.42485, -157.42485, -157.42485, 157.42485, 2.4450365e-17, -1.5943981e-18, -10.539874, 4.1576308e-16, -8.9815778e-16, -2.0133932e-07] 
generalized_qdd = [4.84234359 -4.84234773 -4.84234773 4.84234359 -65.017004 65.0170043 65.0170043 -65.017004 157.424848 -157.42485 -157.42485 157.424848 2.4450365e-17 -1.59439806e-18 -10.5398744 4.15763081e-16 -8.98157778e-16 -2.01339323e-07 ]';
Set: generalized_qdd <-- [3.2615751, -3.2615786, -3.2615786, 3.2615751, -43.637354, 43.637354, 43.637354, -43.637354, 105.59871, -105.59871, -105.59871, 105.59871, 3.8100132e-17, 4.776605e-18, -10.300619, -2.6586265e-19, -4.4954175e-15, -2.0694336e-08] 
generalized_qdd = [3.26157506 -3.26157857 -3.26157857 3.26157506 -43.6373538 43.6373537 43.6373537 -43.6373538 105.598712 -105.598714 -105.598714 105.598712 3.81001321e-17 4.77660497e-18 -10.3006191 -2.65862648e-19 -4.49541748e-15 -2.0694336e-08 ]';
Set: generalized_qdd <-- [1.6750391, -1.6750417, -1.6750417, 1.6750391, -22.209595, 22.209594, 22.209594, -22.209595, 53.665879, -53.66588, -53.66588, 53.665879, 8.1175083e-17, -1.6937485e-17, -10.0606, 2.4949825e-15, -5.3187825e-15, 1.2528617e-07] 
generalized_qdd = [1.67503908 -1.67504173 -1.67504173 1.67503908 -22.2095948 22.2095944 22.2095944 -22.2095948 53.665879 -53.6658797 -53.6658797 53.665879 8.11750825e-17 -1.69374852e-17 -10.0605996 2.49498252e-15 -5.31878247e-15 1.25286171e-07 ]';
Set: generalized_qdd <-- [0.17095755, -0.17095917, -0.17095917, 0.17095755, -1.9420711, 1.9420706, 1.9420706, -1.9420711, 4.5609189, -4.560919, -4.560919, 4.5609189, 2.0169575e-17, -3.7821075e-18, -9.8332608, -2.4943912e-15, -5.9927765e-15, 2.273599e-07] 
generalized_qdd = [0.170957547 -0.170959166 -0.170959166 0.170957547 -1.94207113 1.94207059 1.94207059 -1.94207113 4.56091894 -4.56091901 -4.56091901 4.56091894 2.01695749e-17 -3.78210753e-18 -9.83326076 -2.49439117e-15 -5.99277647e-15 2.27359901e-07 ]';
Set: generalized_qdd <-- [-1.1763933, 1.1763928, 1.1763928, -1.1763933, 16.159747, -16.159747, -16.159747, 16.159747, -39.278159, 39.27816, 39.27816, -39.278159, -1.3995076e-16, 1.2776907e-17, -9.6298733, -8.3221789e-16, 8.8307797e-15, 2.8309933e-07] 
generalized_qdd = [-1.17639328 1.17639281 1.17639281 -1.17639328 16.1597466 -16.1597473 -16.1597473 16.1597466 -39.2781593 39.2781598 39.2781598 -39.2781593 -1.39950758e-16 1.27769068e-17 -9.62987334 -8.32217888e-16 8.8307797e-15 2.83099332e-07 ]';
Set: generalized_qdd <-- [-2.3093083, 2.309309, 2.309309, -2.3093083, 31.326553, -31.326553, -31.326553, 31.326553, -75.98989, 75.989891, 75.989891, -75.98989, -8.4426321e-17, -6.87436e-18, -9.459144, 1.7502369e-19, 3.5752139e-15, 2.9574412e-07] 
generalized_qdd = [-2.30930826 2.30930898 2.30930898 -2.30930826 31.3265526 -31.3265532 -31.3265532 31.3265526 -75.9898898 75.9898908 75.9898908 -75.9898898 -8.44263213e-17 -6.87436001e-18 -9.45914402 1.75023694e-19 3.57521389e-15 2.95744119e-07 ]';
Set: generalized_qdd <-- [-3.1881482, 3.1881501, 3.1881501, -3.1881482, 43.041051, -43.041052, -43.041052, 43.041051, -104.32634, 104.32634, 104.32634, -104.32634, 3.8144566e-18, -1.0294458e-18, -9.327006, 5.5139685e-16, -5.8612249e-16, 2.7264521e-07] 
generalized_qdd = [-3.18814824 3.18815008 3.18815008 -3.18814824 43.0410511 -43.0410517 -43.0410517 43.0410511 -104.326336 104.326337 104.326337 -104.326336 3.81445658e-18 -1.02944582e-18 -9.32700596 5.51396845e-16 -5.86122488e-16 2.72645211e-07 ]';
Set: generalized_qdd <-- [-3.7917025, 3.7917054, 3.7917054, -3.7917025, 51.0377, -51.037701, -51.037701, 51.0377, -123.65078, 123.65079, 123.65079, -123.65078, 1.3240259e-17, 9.1254957e-18, -9.2365845, -7.1865967e-19, -1.9723706e-17, 2.2356656e-07] 
generalized_qdd = [-3.79170255 3.79170538 3.79170538 -3.79170255 51.0377002 -51.0377006 -51.0377006 51.0377002 -123.650784 123.650785 123.650785 -123.650784 1.32402594e-17 9.12549574e-18 -9.23658446 -7.18659669e-19 -1.97237063e-17 2.23566559e-07 ]';
Set: generalized_qdd <-- [-4.1164812, 4.1164848, 4.1164848, -4.1164812, 55.288432, -55.288432, -55.288432, 55.288432, -133.90159, 133.90159, 133.90159, -133.90159, -6.5846627e-17, -2.3368021e-17, -9.1883235, 7.1482756e-15, 2.523578e-15, 1.5908943e-07] 
generalized_qdd = [-4.11648124 4.11648484 4.11648484 -4.11648124 55.2884319 -55.2884321 -55.2884321 55.2884319 -133.901592 133.901594 133.901594 -133.901592 -6.58466267e-17 -2.33680211e-17 -9.18832347 7.14827558e-15 2.52357799e-15 1.59089425e-07 ]';
Set: generalized_qdd <-- [-4.1750612, 4.1750653, 4.1750653, -4.1750612, 55.976919, -55.976919, -55.976919, 55.976919, -135.52871, 135.52871, 135.52871, -135.52871, 9.5656178e-18, -1.9818745e-17, -9.1802504, 1.1156216e-18, -1.0875799e-14, 8.9271916e-08] 
generalized_qdd = [-4.17506117 4.17506527 4.17506527 -4.17506117 55.9769187 -55.9769187 -55.9769187 55.9769187 -135.528711 135.528713 135.528713 -135.528711 9.56561781e-18 -1.98187451e-17 -9.18025042 1.11562158e-18 -1.08757989e-14 8.9271916e-08 ]';
Set: generalized_qdd <-- [-3.993664, 3.9936683, 3.9936683, -3.993664, 53.464215, -53.464215, -53.464215, 53.464215, -129.40985, 129.40985, 129.40985, -129.40985, -1.7060599e-17, -7.2395812e-18, -9.2083507, 4.0767919e-19, -1.7000548e-15, 2.2666847e-08] 
generalized_qdd = [-3.99366401 3.99366833 3.99366833 -3.99366401 53.4642148 -53.4642147 -53.4642147 53.4642148 -129.409851 129.409853 129.409853 -129.409851 -1.70605988e-17 -7.23958121e-18 -9.20835068 4.07679185e-19 -1.70005484e-15 2.26668471e-08 ]';
Set: generalized_qdd <-- [-3.6091831, 3.6091874, 3.6091874, -3.6091831, 48.248673, -48.248673, -48.248673, 48.248673, -116.75334, 116.75334, 116.75334, -116.75334, -6.2148013e-17, -3.424045e-18, -9.2670187, -1.6629136e-15, 1.3264018e-14, -3.4272663e-08] 
generalized_qdd = [-3.60918314 3.60918739 3.60918739 -3.60918314 48.2486733 -48.2486731 -48.2486731 48.2486733 -116.753339 116.75334 116.75334 -116.753339 -6.21480125e-17 -3.42404497e-18 -9.26701869 -1.66291355e-15 1.32640178e-14 -3.42726633e-08 ]';
Set: generalized_qdd <-- [-3.0658967, 3.0659006, 3.0659006, -3.0658967, 40.922961, -40.92296, -40.92296, 40.922961, -98.994354, 98.994355, 98.994355, -98.994354, 1.8197163e-16, 1.5756812e-17, -9.3495514, -1.1028042e-15, -7.1728338e-15, -7.7424225e-08] 
generalized_qdd = [-3.06589666 3.06590057 3.06590057 -3.06589666 40.9229607 -40.9229604 -40.9229604 40.9229607 -98.9943535 98.9943549 98.9943549 -98.9943535 1.81971626e-16 1.57568124e-17 -9.34955135 -1.10280418e-15 -7.17283383e-15 -7.74242253e-08 ]';
Set: generalized_qdd <-- [-2.4121035, 2.4121068, 2.4121068, -2.4121035, 32.130789, -32.130789, -32.130789, 32.130789, -77.690726, 77.690727, 77.690727, -77.690726, 8.3350431e-17, -1.0066019e-18, -9.4486502, -1.6634391e-15, -1.2246657e-15, -1.0492649e-07] 
generalized_qdd = [-2.41210345 2.41210681 2.41210681 -2.41210345 32.1307891 -32.1307888 -32.1307888 32.1307891 -77.6907256 77.6907267 77.6907267 -77.6907256 8.33504305e-17 -1.00660194e-18 -9.44865022 -1.66343911e-15 -1.22466571e-15 -1.04926494e-07 ]';
Set: generalized_qdd <-- [-1.6969001, 1.6969028, 1.6969028, -1.6969001, 22.525693, -22.525693, -22.525693, 22.525693, -54.423737, 54.423738, 54.423738, -54.423737, 9.0137815e-17, 1.310103e-17, -9.5569018, -1.6637808e-15, -9.4322382e-15, -1.1688771e-07] 
generalized_qdd = [-1.69690014 1.69690277 1.69690277 -1.69690014 22.5256934 -22.525693 -22.525693 22.5256934 -54.4237368 54.4237375 54.4237375 -54.4237368 9.01378153e-17 1.31010301e-17 -9.55690184 -1.66378081e-15 -9.43223818e-15 -1.16887713e-07 ]';
Set: generalized_qdd <-- [-0.96728225, 0.96728405, 0.96728405, -0.96728225, 12.733821, -12.73382, -12.73382, 12.733821, -30.708527, 30.708528, 30.708528, -30.708527, 6.5659639e-17, -1.6937012e-19, -9.6672104, 8.3162122e-16, 1.6273653e-15, -1.1495667e-07] 
generalized_qdd = [-0.967282251 0.967284048 0.967284048 -0.967282251 12.7338206 -12.7338203 -12.7338203 12.7338206 -30.7085274 30.7085278 30.7085278 -30.7085274 6.56596385e-17 -1.69370119e-19 -9.6672104 8.3162122e-16 1.62736533e-15 -1.14956668e-07 ]';
Set: generalized_qdd <-- [-0.26570863, 0.26570955, 0.26570955, -0.26570863, 3.3222845, -3.3222843, -3.3222843, 3.3222845, -7.9177766, 7.9177768, 7.9177768, -7.9177766, -1.7085204e-16, 2.5315823e-18, -9.773163, -3.3267327e-15, 1.0604836e-14, -1.0183677e-07] 
generalized_qdd = [-0.265708626 0.265709552 0.265709552 -0.265708626 3.32228455 -3.32228431 -3.32228431 3.32228455 -7.91777663 7.91777675 7.91777675 -7.91777663 -1.70852039e-16 2.53158225e-18 -9.77316297 -3.3267327e-15 1.06048358e-14 -1.01836766e-07 ]';
Set: generalized_qdd <-- [0.37178082, -0.37178075, -0.37178075, 0.37178082, -5.225803, 5.2258032, 5.2258032, -5.225803, 12.778686, -12.778686, -12.778686, 12.778686, 1.9506565e-16, 5.703522e-18, -9.8693137, 2.4941831e-15, -2.0070892e-14, -8.0804663e-08] 
generalized_qdd = [0.371780824 -0.371780748 -0.371780748 0.371780824 -5.22580302 5.22580319 5.22580319 -5.22580302 12.7786859 -12.7786861 -12.7786861 12.7786859 1.9506565e-16 5.70352202e-18 -9.86931374 2.49418312e-15 -2.00708921e-14 -8.08046627e-08 ]';
Set: generalized_qdd <-- [0.9168521, -0.9168528, -0.9168528, 0.9168521, -12.528972, 12.528972, 12.528972, -12.528972, 30.456723, -30.456724, -30.456724, 30.456723, -8.514181e-17, 1.4527475e-17, -9.9513806, -3.3265962e-15, 8.7298997e-15, -5.5279636e-08] 
generalized_qdd = [0.9168521 -0.916852798 -0.916852798 0.9168521 -12.5289718 12.5289719 12.5289719 -12.5289718 30.4567235 -30.4567239 -30.4567239 30.4567235 -8.51418102e-17 1.45274753e-17 -9.9513806 -3.32659617e-15 8.72989965e-15 -5.5279636e-08 ]';
Set: generalized_qdd <-- [1.3495701, -1.3495714, -1.3495714, 1.3495701, -18.3175, 18.3175, 18.3175, -18.3175, 44.462629, -44.46263, -44.46263, 44.462629, -7.3043205e-17, 1.372504e-17, -10.016353, 4.1639495e-15, 4.4276103e-15, -2.8472262e-08] 
generalized_qdd = [1.34957006 -1.34957141 -1.34957141 1.34957006 -18.3175 18.3175 18.3175 -18.3175 44.4626291 -44.4626297 -44.4626297 44.4626291 -7.3043205e-17 1.37250397e-17 -10.0163531 4.16394954e-15 4.42761026e-15 -2.84722622e-08 ]';
Set: generalized_qdd <-- [1.6585345, -1.6585364, -1.6585364, 1.6585345, -22.436213, 22.436213, 22.436213, -22.436213, 54.42021, -54.42021, -54.42021, 54.42021, -6.4757477e-18, 5.9920454e-18, -10.062516, -3.355599e-19, 4.3480898e-15, -3.1292622e-09] 
generalized_qdd = [1.65853452 -1.65853638 -1.65853638 1.65853452 -22.4362127 22.4362127 22.4362127 -22.4362127 54.4202097 -54.4202104 -54.4202104 54.4202097 -6.47574766e-18 5.99204543e-18 -10.0625163 -3.355599e-19 4.34808982e-15 -3.12926221e-09 ]';
Set: generalized_qdd <-- [1.8405239, -1.8405261, -1.8405261, 1.8405239, -24.840577, 24.840576, 24.840576, -24.840577, 60.221594, -60.221595, -60.221595, 60.221594, 7.4968572e-17, -7.4546591e-18, -10.0894, 6.6896957e-15, -1.1359623e-14, 1.862899e-08] 
generalized_qdd = [1.8405239 -1.8405261 -1.8405261 1.8405239 -24.8405765 24.8405764 24.8405764 -24.8405765 60.2215939 -60.2215947 -60.2215947 60.2215939 7.49685723e-17 -7.45465914e-18 -10.0893996 6.68969566e-15 -1.13596228e-14 1.86289897e-08 ]';
Set: generalized_qdd <-- [1.8997292, -1.8997316, -1.8997316, 1.8997292, -25.587009, 25.587009, 25.587009, -25.587009, 62.003933, -62.003933, -62.003933, 62.003933, -1.0145604e-16, 8.3371902e-18, -10.097661, -8.3561253e-15, 1.3988996e-14, 3.5383204e-08] 
generalized_qdd = [1.8997292 -1.89973157 -1.89973157 1.8997292 -25.5870089 25.5870087 25.5870087 -25.5870089 62.0039325 -62.0039334 -62.0039334 62.0039325 -1.01456036e-16 8.33719022e-18 -10.0976614 -8.35612533e-15 1.39889958e-14 3.5383204e-08 ]';
Set: generalized_qdd <-- [1.8466718, -1.8466742, -1.8466742, 1.8466718, -24.818561, 24.818561, 24.818561, -24.818561, 60.114765, -60.114766, -60.114766, 60.114765, 8.7122665e-17, -5.6102684e-18, -10.088925, 1.6635391e-15, -1.2239181e-14, 4.6415609e-08] 
generalized_qdd = [1.84667178 -1.84667415 -1.84667415 1.84667178 -24.8185615 24.8185613 24.8185613 -24.8185615 60.114765 -60.1147658 -60.1147658 60.114765 8.71226652e-17 -5.61026839e-18 -10.0889252 1.66353915e-15 -1.22391811e-14 4.6415609e-08 ]';
Set: generalized_qdd <-- [1.6969022, -1.6969044, -1.6969044, 1.6969022, -22.747284, 22.747283, 22.747283, -22.747284, 55.06922, -55.06922, -55.06922, 55.06922, -5.0930608e-17, -1.2078071e-17, -10.06558, 5.0164888e-15, -8.1458749e-16, 5.16458e-08] 
generalized_qdd = [1.69690216 -1.69690439 -1.69690439 1.69690216 -22.7472836 22.7472834 22.7472834 -22.7472836 55.0692196 -55.0692204 -55.0692204 55.0692196 -5.09306084e-17 -1.20780709e-17 -10.0655802 5.01648876e-15 -8.14587495e-16 5.16458005e-08 ]';
Set: generalized_qdd <-- [1.4695754, -1.4695773, -1.4695773, 1.4695754, -19.634631, 19.63463, 19.63463, -19.634631, 47.502382, -47.502383, -47.502383, 47.502382, -1.3874013e-16, -1.1828239e-17, -10.030562, -3.338269e-15, 1.142871e-14, 5.1532656e-08] 
generalized_qdd = [1.46957538 -1.46957734 -1.46957734 1.46957538 -19.6346305 19.6346303 19.6346303 -19.6346305 47.5023819 -47.5023826 -47.5023826 47.5023819 -1.38740127e-16 -1.18282394e-17 -10.0305624 -3.33826896e-15 1.14287101e-14 5.15326563e-08 ]';
Set: generalized_qdd <-- [1.1859928, -1.1859944, -1.1859944, 1.1859928, -15.77125, 15.77125, 15.77125, -15.77125, 38.120105, -38.120106, -38.120106, 38.120105, 6.8758947e-17, -9.3587958e-19, -9.9871304, 5.236381e-20, -9.6468774e-16, 4.6935627e-08] 
generalized_qdd = [1.18599281 -1.18599443 -1.18599443 1.18599281 -15.7712504 15.7712503 15.7712503 -15.7712504 38.1201051 -38.1201056 -38.1201056 38.1201051 6.87589465e-17 -9.35879579e-19 -9.98713041 5.23638098e-20 -9.64687743e-16 4.69356267e-08 ]';
Set: generalized_qdd <-- [0.86819102, -0.86819222, -0.86819222, 0.86819102, -11.457376, 11.457376, 11.457376, -11.457376, 27.65128, -27.651281, -27.651281, 27.65128, 2.271368e-17, -1.079225e-17, -9.9386483, -4.1316606e-15, -4.3186333e-15, 3.8975038e-08] 
generalized_qdd = [0.86819102 -0.868192224 -0.868192224 0.86819102 -11.4573758 11.4573757 11.4573757 -11.4573758 27.6512803 -27.6512807 -27.6512807 27.6512803 2.27136803e-17 -1.07922501e-17 -9.93864833 -4.13166058e-15 -4.3186333e-15 3.89750376e-08 ]';
Set: generalized_qdd <-- [0.53764701, -0.53764778, -0.53764778, 0.53764701, -6.9848728, 6.9848728, 6.9848728, -6.9848728, 16.80416, -16.80416, -16.80416, 16.80416, 1.6273278e-17, 1.0754659e-17, -9.8883869, -1.6634179e-15, -3.4252174e-15, 2.8887755e-08] 
generalized_qdd = [0.537647013 -0.537647778 -0.537647778 0.537647013 -6.98487284 6.98487275 6.98487275 -6.98487284 16.8041599 -16.8041601 -16.8041601 16.8041599 1.62732775e-17 1.07546593e-17 -9.88838693 -1.66341787e-15 -3.42521742e-15 2.88877552e-08 ]';
Set: generalized_qdd <-- [0.2141559, -0.21415623, -0.21415623, 0.2141559, -2.6217864, 2.6217864, 2.6217864, -2.6217864, 6.2287911, -6.2287912, -6.2287912, 6.2287911, 2.7687451e-17, 2.2597094e-17, -9.8393521, 4.9210988e-15, -1.0250331e-14, 1.789673e-08] 
generalized_qdd = [0.214155899 -0.214156229 -0.214156229 0.214155899 -2.62178641 2.62178637 2.62178637 -2.62178641 6.22879106 -6.22879116 -6.22879116 6.22879106 2.76874509e-17 2.25970938e-17 -9.83935214 4.92109883e-15 -1.02503314e-14 1.78967298e-08 ]';
Set: generalized_qdd <-- [-0.085077449, 0.085077524, 0.085077524, -0.085077449, 1.4000238, -1.4000238, -1.4000238, 1.4000238, -3.5129862, 3.5129863, 3.5129863, -3.5129862, -2.0420584e-16, -8.0211511e-18, -9.794147, 1.663301e-15, 1.564868e-14, 7.1039482e-09] 
generalized_qdd = [-0.0850774487 0.0850775239 0.0850775239 -0.0850774487 1.40002384 -1.40002384 -1.40002384 1.40002384 -3.51298623 3.51298627 3.51298627 -3.51298623 -2.04205835e-16 -8.02115114e-18 -9.79414702 1.66330101e-15 1.56486796e-14 7.10394815e-09 ]';
Set: generalized_qdd <-- [-0.34610625, 0.34610668, 0.34610668, -0.34610625, 4.8938092, -4.8938091, -4.8938091, 4.8938092, -11.969138, 11.969139, 11.969139, -11.969138, 1.4672867e-16, -1.478924e-17, -9.7548713, 7.3827989e-15, -7.117481e-15, -2.5880178e-09] 
generalized_qdd = [-0.346106252 0.346106681 0.346106681 -0.346106252 4.89380915 -4.89380912 -4.89380912 4.89380915 -11.9691384 11.9691386 11.9691386 -11.9691384 1.46728671e-16 -1.478924e-17 -9.75487131 7.38279891e-15 -7.11748098e-15 -2.58801783e-09 ]';
Set: generalized_qdd <-- [-0.55865788, 0.55865859, 0.55865859, -0.55865788, 7.7233103, -7.7233103, -7.7233103, 7.7233103, -18.810387, 18.810387, 18.810387, -18.810387, 1.7638803e-16, -1.657571e-17, -9.72306, 4.1588999e-15, -7.1618761e-15, -1.0527024e-08] 
generalized_qdd = [-0.558657876 0.558658592 0.558658592 -0.558657876 7.72331033 -7.72331027 -7.72331027 7.72331033 -18.8103871 18.8103874 18.8103874 -18.8103871 1.76388031e-16 -1.65757103e-17 -9.72305999 4.15889989e-15 -7.16187613e-15 -1.05270243e-08 ]';
Set: generalized_qdd <-- [-0.71630132, 0.71630225, 0.71630225, -0.71630132, 9.8046954, -9.8046954, -9.8046954, 9.8046954, -23.834785, 23.834786, 23.834786, -23.834785, -2.0195827e-17, -2.7890892e-17, -9.69966, -1.5366763e-15, -9.3268768e-15, -1.6326729e-08] 
generalized_qdd = [-0.71630132 0.716302247 0.716302247 -0.71630132 9.80469543 -9.80469536 -9.80469536 9.80469543 -23.8347854 23.8347857 23.8347857 -23.8347854 -2.01958271e-17 -2.7890892e-17 -9.69966003 -1.53667632e-15 -9.32687677e-15 -1.63267292e-08 ]';
Set: generalized_qdd <-- [206.13273, -206.13074, -206.13269, 206.13078, -3566.3993, 3566.4016, 3566.3993, -3566.4016, 6070.3349, -6070.3318, -6070.3349, 6070.3318, -1.9070562e-14, -8.2888842e-06, -7.3052165, -0.00073707558, -3.9744601e-13, -1.9804968e-05] 
generalized_qdd = [206.132733 -206.130737 -206.132688 206.130782 -3566.39932 3566.40159 3566.39934 -3566.40157 6070.33488 -6070.33182 -6070.33488 6070.33181 -1.90705622e-14 -8.28888418e-06 -7.30521653 -0.000737075576 -3.97446006e-13 -1.98049677e-05 ]';
Set: generalized_qdd <-- [-29.221924, 29.034506, 25.717878, -27.722143, 477.00981, -476.56035, -463.57871, 512.76915, -878.9588, 878.43578, 730.47517, -814.36681, -7.1475494, 0.0013659082, 49.433225, 0.24486848, -4.7326897, -0.16313595] 
generalized_qdd = [-29.2219241 29.0345056 25.7178777 -27.7221427 477.009814 -476.560351 -463.57871 512.769149 -878.958799 878.435777 730.475174 -814.366812 -7.14754936 0.00136590824 49.4332254 0.244868481 -4.73268974 -0.163135952 ]';
Set: generalized_qdd <-- [-36.168014, 31.122805, 36.616617, -34.72521, 568.67162, -580.24633, -578.49726, 613.95345, -1030.367, 1047.126, 1085.521, -1003.1402, -5.4832602, -0.2336739, 59.293718, 2.1134536, -1.3821475, 1.995645] 
generalized_qdd = [-36.1680136 31.1228049 36.6166165 -34.7252096 568.67162 -580.246325 -578.497255 613.953454 -1030.367 1047.12597 1085.52098 -1003.14022 -5.48326025 -0.233673897 59.2937175 2.11345363 -1.38214754 1.99564503 ]';
Set: generalized_qdd <-- [-40.259281, 36.804828, 40.471332, -37.925479, 652.7805, -649.33612, -647.48715, 651.99756, -1162.2828, 1154.1419, 1187.2829, -1074.3434, -4.6407467, 0.8776892, 65.755882, -5.0692155, -1.8060888, 1.4737921] 
generalized_qdd = [-40.2592815 36.8048283 40.4713324 -37.9254785 652.780497 -649.336119 -647.487148 651.997565 -1162.28276 1154.14194 1187.28289 -1074.34344 -4.64074667 0.877689201 65.7558824 -5.0692155 -1.80608878 1.47379212 ]';
Set: generalized_qdd <-- [-39.88706, 38.975968, 42.595152, -37.955654, 660.7546, -663.62897, -676.70466, 710.43987, -1161.3353, 1167.7593, 1219.0641, -1180.9409, -4.6093865, -0.13997819, 68.337596, 2.4212597, -7.8940342, -1.0119262] 
generalized_qdd = [-39.88706 38.9759684 42.5951524 -37.9556542 660.754597 -663.628974 -676.70466 710.439866 -1161.33533 1167.75927 1219.06407 -1180.94088 -4.60938646 -0.139978193 68.3375961 2.42125969 -7.89403425 -1.01192624 ]';
Set: generalized_qdd <-- [-40.253674, 40.555844, 41.779526, -35.21668, 680.18746, -674.68415, -670.31759, 669.75174, -1181.3252, 1174.7677, 1190.287, -1120.5261, -1.3289067, 0.60101674, 68.001504, -1.8524578, 4.8334206, -1.8686241] 
generalized_qdd = [-40.2536741 40.5558437 41.7795256 -35.2166798 680.187463 -674.684155 -670.317591 669.751743 -1181.3252 1174.76773 1190.28702 -1120.52611 -1.32890666 0.601016741 68.0015037 -1.85245775 4.83342058 -1.8686241 ]';
Set: generalized_qdd <-- [-34.405452, 41.438253, 17.517935, -43.761584, 629.06612, -640.13846, -621.53003, 633.2526, -1075.71, 1096.8157, 634.80092, -1084.736, -1.8347872, -0.30013384, 63.540068, -3.5770108, -12.810236, 0.84466583] 
generalized_qdd = [-34.405452 41.438253 17.5179349 -43.7615836 629.066118 -640.138462 -621.530031 633.252596 -1075.71003 1096.81571 634.800924 -1084.73597 -1.83478715 -0.300133842 63.5400677 -3.57701077 -12.8102361 0.844665826 ]';
Set: generalized_qdd <-- [-33.261292, 33.495203, 37.274429, -26.070693, 574.95478, -568.69232, -566.16397, 563.27529, -976.20687, 966.47213, 1035.9879, -955.81868, 0.76423442, 0.90147939, 56.95462, -1.2046567, 6.3814375, -2.9301578] 
generalized_qdd = [-33.2612919 33.4952034 37.2744291 -26.0706926 574.954777 -568.692322 -566.163973 563.275294 -976.206867 966.472133 1035.98795 -955.818684 0.764234416 0.901479394 56.9546199 -1.20465675 6.38143752 -2.93015779 ]';
Set: generalized_qdd <-- [-26.811713, 27.837754, 31.327812, -29.186612, 466.13703, -475.18773, -479.4906, 481.15298, -779.96975, 795.29555, 888.07159, -837.07145, 1.0742499, 0.34453743, 47.799719, -2.3321748, -2.7187018, 0.080297061] 
generalized_qdd = [-26.8117127 27.8377536 31.3278123 -29.1866118 466.137034 -475.187732 -479.490595 481.152981 -779.969753 795.295554 888.071592 -837.071454 1.0742499 0.344537435 47.7997193 -2.33217475 -2.71870179 0.0802970608 ]';
Set: generalized_qdd <-- [-21.693916, 32.768848, 26.19159, -22.519017, 381.38377, -373.53051, -378.64793, 367.04502, -627.81394, 567.41948, 714.28399, -651.38989, 3.2000289, 1.2865697, 36.843923, -7.7168809, 4.8958674, 0.2176648] 
generalized_qdd = [-21.6939161 32.7688478 26.1915901 -22.5190166 381.383767 -373.530513 -378.647931 367.045021 -627.813939 567.419483 714.283989 -651.389889 3.20002894 1.28656969 36.8439235 -7.71688087 4.89586736 0.217664797 ]';
Set: generalized_qdd <-- [-16.38577, 10.075294, 12.498197, -70.927143, 265.51844, -263.90431, -270.01816, 230.43964, -425.91587, 430.40334, 520.01319, -465.39503, 3.247107, 0.71200457, 25.867914, -31.189695, -9.9484839, 27.731918] 
generalized_qdd = [-16.3857704 10.075294 12.4981968 -70.9271427 265.518435 -263.904309 -270.018159 230.439637 -425.915869 430.403335 520.013186 -465.395034 3.24710698 0.712004568 25.8679144 -31.1896954 -9.94848388 27.7319177 ]';
Set: generalized_qdd <-- [-8.6392673, 3.3826801, 5.9656174, -55.396471, 140.3625, -150.11646, -156.20708, 115.49638, -207.71074, 234.15483, 318.42466, -268.32477, 3.76778, 1.004415, 14.254981, -28.655174, -8.0535992, 23.618916] 
generalized_qdd = [-8.63926733 3.3826801 5.96561742 -55.3964708 140.362504 -150.116465 -156.207079 115.496377 -207.710744 234.154825 318.424657 -268.324768 3.76778001 1.00441502 14.2549808 -28.6551741 -8.0535992 23.6189165 ]';
Set: generalized_qdd <-- [-5.9729311, -9.632903, -148.4229, -48.157519, 47.305957, -54.61981, 27.670593, -6.5668615, -45.516149, 60.680371, -222.67317, -67.901665, 4.22838, 1.2491187, 2.3638068, -28.437667, -8.7780377, 25.368734] 
generalized_qdd = [-5.97293115 -9.63290302 -148.422896 -48.1575191 47.3059569 -54.6198097 27.6705926 -6.56686152 -45.5161492 60.6803709 -222.673169 -67.9016649 4.22838004 1.24911865 2.36380684 -28.4376667 -8.77803766 25.3687337 ]';
Set: generalized_qdd <-- [6.4550755, -5.7867648, 0.75253451, 9.0262846, -56.77829, 60.733479, 40.198044, -119.93065, 127.78717, -126.50644, -36.283491, 176.07002, 4.8695575, -2.2483172, -5.7562873, 13.320658, 10.838267, -2.1748108] 
generalized_qdd = [6.4550755 -5.78676477 0.752534509 9.02628457 -56.7782896 60.7334792 40.1980439 -119.930652 127.787173 -126.506437 -36.2834907 176.070021 4.86955747 -2.24831718 -5.75628726 13.3206581 10.8382666 -2.17481079 ]';
Set: generalized_qdd <-- [83.729713, 16.350583, -7.1977064, 30.759555, -186.0814, 202.28136, 91.043614, -134.35321, 1655.8144, -347.17643, -153.80511, 99.179425, 1.7035514, -0.32001966, -11.19123, -13.015842, 15.458745, -12.770763] 
generalized_qdd = [83.7297125 16.3505828 -7.19770638 30.7595549 -186.081396 202.281364 91.0436142 -134.353212 1655.81445 -347.176433 -153.805113 99.1794252 1.70355144 -0.320019658 -11.1912299 -13.015842 15.458745 -12.7707634 ]';
Set: generalized_qdd <-- [7.704719, -14.722406, 20.658099, 51.97224, -216.26955, 219.45689, 212.15831, -262.22097, 193.50186, -395.91595, -308.33517, 331.37777, 0.87270883, 0.14227041, -11.963768, 18.221843, -20.728671, -12.377838] 
generalized_qdd = [7.70471895 -14.7224057 20.6580986 51.9722399 -216.269549 219.456893 212.158312 -262.220971 193.501865 -395.915945 -308.33517 331.377766 0.872708827 0.142270414 -11.9637681 18.2218428 -20.7286713 -12.3778384 ]';
Set: generalized_qdd <-- [8.0875509, -18.392438, 19.817072, 55.060796, -268.5965, 271.75892, 267.74722, -307.09014, 245.7306, -484.5144, -409.50969, 437.0348, 0.71824204, 0.17719898, -12.459927, 20.532153, -18.406241, -12.330006] 
generalized_qdd = [8.08755093 -18.3924378 19.8170717 55.0607963 -268.596497 271.758917 267.747217 -307.090137 245.7306 -484.514395 -409.509688 437.034799 0.718242037 0.177198977 -12.459927 20.532153 -18.4062409 -12.3300062 ]';
Set: generalized_qdd <-- [8.0856632, -20.684843, 17.346717, 54.957639, -302.09242, 304.89951, 305.27973, -332.45544, 280.24631, -539.49675, -488.47466, 510.73072, 0.40757143, 0.2075663, -12.776913, 22.168238, -12.58407, -10.704235] 
generalized_qdd = [8.08566325 -20.6848433 17.346717 54.9576387 -302.092419 304.899507 305.279726 -332.455445 280.246312 -539.496753 -488.474657 510.73072 0.407571433 0.207566296 -12.7769126 22.1682379 -12.5840704 -10.7042346 ]';
Set: generalized_qdd <-- [25.951786, 2.6436985, 127.2672, 42.623879, -282.90255, 268.4047, 381.5643, -380.35752, 259.62766, -476.12314, -1944.7301, 614.35178, -1.1657342, 0.39140949, -13.478773, 7.9920266, -9.5324754, -4.8329393] 
generalized_qdd = [25.9517859 2.64369847 127.267202 42.6238791 -282.902551 268.404697 381.564297 -380.357522 259.627661 -476.123142 -1944.73014 614.351781 -1.1657342 0.391409493 -13.4787733 7.9920266 -9.53247544 -4.83293927 ]';
Set: generalized_qdd <-- [-9.5758769, -58.930135, 8.5265145, 85.138083, -442.02533, 473.37393, 431.06202, -464.44282, 597.24597, -923.34177, -661.42656, 904.43951, -0.07819995, 0.17471693, -14.30263, 23.590295, 1.2255276, -1.2405567] 
generalized_qdd = [-9.57587688 -58.9301348 8.52651452 85.1380828 -442.025325 473.373931 431.06202 -464.44282 597.245967 -923.341771 -661.426561 904.439506 -0.0781999498 0.174716934 -14.3026304 23.5902949 1.22552761 -1.24055674 ]';
Set: generalized_qdd <-- [-1.093924, -45.416477, -9.4866552, 62.017037, -412.03559, 429.2597, 390.08489, -401.89638, 545.70599, -821.6243, -546.04567, 800.49488, -0.087312099, 0.089773544, -13.830105, 15.309571, 3.0857127, -0.43271164] 
generalized_qdd = [-1.09392397 -45.4164771 -9.48665525 62.0170371 -412.035592 429.259695 390.084889 -401.896375 545.705985 -821.624299 -546.045666 800.494875 -0.0873120993 0.0897735437 -13.8301055 15.3095707 3.08571273 -0.43271164 ]';
Set: generalized_qdd <-- [6.3100028, -30.79227, -24.892091, 38.646487, -360.1039, 363.9383, 334.54852, -326.19225, 463.82806, -680.9121, -413.39588, 665.4926, -0.079811635, 0.0087867161, -13.188677, 7.2098924, 3.948215, 0.25416027] 
generalized_qdd = [6.31000282 -30.79227 -24.8920914 38.6464869 -360.103902 363.938299 334.548523 -326.192249 463.82806 -680.912104 -413.395883 665.492598 -0.0798116351 0.00878671612 -13.1886767 7.20989244 3.948215 0.254160269 ]';
Set: generalized_qdd <-- [11.462564, -16.912687, -36.081909, 17.294281, -291.45468, 284.39283, 268.30843, -243.07698, 359.51368, -515.63589, -271.50527, 511.66934, -0.059615537, -0.058530372, -12.431976, 0.23286863, 3.9882471, 0.77505945] 
generalized_qdd = [11.462564 -16.9126869 -36.0819094 17.2942812 -291.454678 284.39283 268.308432 -243.076977 359.513677 -515.63589 -271.505268 511.669344 -0.0596155373 -0.0585303718 -12.4319757 0.232868635 3.98824706 0.775059446 ]';
Set: generalized_qdd <-- [13.798494, -5.0492437, -42.249694, -0.55028577, -212.01933, 197.57148, 195.3851, -157.74792, 241.79913, -339.78762, -128.36268, 350.26332, -0.031743688, -0.10636026, -11.613916, -5.0501166, 3.4458809, 1.1108658] 
generalized_qdd = [13.7984944 -5.04924365 -42.249694 -0.550285775 -212.019334 197.571484 195.385097 -157.747919 241.799125 -339.787621 -128.362676 350.263317 -0.0317436878 -0.106360258 -11.6139159 -5.05011661 3.44588094 1.11086582 ]';
Set: generalized_qdd <-- [13.300317, 4.1002878, -43.330195, -14.13329, -127.8843, 109.87117, 119.83701, -74.743971, 119.93459, -165.9321, 8.4511881, 191.10583, -0.0013064386, -0.13262567, -10.785949, -8.4161298, 2.5733759, 1.2650441] 
generalized_qdd = [13.3003165 4.1002878 -43.3301955 -14.1332905 -127.884296 109.87117 119.837012 -74.7439712 119.934593 -165.932096 8.45118812 191.105827 -0.00130643863 -0.132625674 -10.7859495 -8.41612975 2.57337594 1.26504408 ]';
Set: generalized_qdd <-- [10.380348, 10.335915, -39.864107, -23.322906, -44.805306, 26.772475, 45.598398, 2.1208272, 2.5635268, -4.5434714, 132.14703, 42.381101, 0.027258689, -0.13838772, -9.9946737, -9.9311192, 1.5961579, 1.25874] 
generalized_qdd = [10.3803477 10.3359146 -39.8641071 -23.3229056 -44.805306 26.7724754 45.5983983 2.12082717 2.56352681 -4.54347142 132.147028 42.3811012 0.0272586893 -0.138387725 -9.99467374 -9.93111924 1.59615786 1.25874001 ]';
Set: generalized_qdd <-- [5.7337378, 13.840829, -32.820603, -28.457028, 32.178545, -47.376829, -23.700486, 69.794151, -102.92252, 136.34661, 237.07798, -89.480211, 0.050654397, -0.12698762, -9.2798593, -9.8697193, 0.68861409, 1.1250819] 
generalized_qdd = [5.73373778 13.8408285 -32.8206025 -28.4570281 32.1785446 -47.3768288 -23.7004864 69.7941515 -102.922525 136.346608 237.077979 -89.4802112 0.0506543969 -0.126987619 -9.27985932 -9.86971934 0.688614093 1.12508194 ]';
Set: generalized_qdd <-- [0.18774296, 15.052574, -23.407305, -30.179331, 99.014342, -109.44745, -84.909983, 126.00139, -190.81573, 251.23567, 319.01823, -199.80793, 0.066905996, -0.1031086, -8.6729703, -8.6297057, -0.036208426, 0.90341972] 
generalized_qdd = [0.187742959 15.0525738 -23.4073046 -30.1793315 99.0143423 -109.447451 -84.9099833 126.001391 -190.815731 251.235665 319.018225 -199.807931 0.0669059956 -0.103108597 -8.67297033 -8.62970572 -0.0362084257 0.903419717 ]';
Set: generalized_qdd <-- [-5.433173, 14.539327, -12.891809, -29.285482, 152.78658, -157.50933, -135.51505, 169.24468, -257.30693, 337.03457, 375.34108, -285.62828, 0.075310031, -0.071899246, -8.1962336, -6.6530224, -0.52538392, 0.63409363] 
generalized_qdd = [-5.43317305 14.5393267 -12.8918094 -29.2854824 152.786583 -157.509326 -135.515049 169.244681 -257.306933 337.034566 375.341081 -285.628277 0.0753100312 -0.0718992462 -8.19623358 -6.65302241 -0.525383917 0.634093627 ]';
Set: generalized_qdd <-- [-10.41335, 12.894751, -2.4521425, -26.59443, 191.75987, -190.73596, -173.7504, 198.78498, -300.50647, 392.81433, 405.08267, -345.55, 0.076221379, -0.038253499, -7.8622861, -4.3613382, -0.77662354, 0.35415352] 
generalized_qdd = [-10.4133496 12.8947513 -2.45214251 -26.5944296 191.759874 -190.735965 -173.750404 198.78498 -300.50647 392.814329 405.082667 -345.549998 0.0762213795 -0.0382534987 -7.86228606 -4.36133823 -0.776623536 0.354153523 ]';
Set: generalized_qdd <-- [-14.216477, 10.659072, 6.9334169, -22.852874, 215.33056, -209.25948, -198.66547, 214.60502, -320.30961, 419.47363, 408.89098, -379.61468, 0.070754622, -0.0062965059, -7.6743944, -2.1102163, -0.82407737, 0.094268777] 
generalized_qdd = [-14.2164766 10.6590718 6.93341686 -22.8528735 215.330563 -209.25948 -198.665467 214.605018 -320.309605 419.473633 408.890978 -379.61468 0.0707546222 -0.00629650592 -7.67439438 -2.11021633 -0.824077366 0.094268777 ]';
Set: generalized_qdd <-- [-16.519848, 8.2688509, 14.553148, -18.675056, 223.9086, -213.99934, -210.13344, 217.35056, -318.15147, 419.37304, 388.87145, -389.11977, 0.060466103, 0.020913941, -7.6272006, -0.16266403, -0.72274191, -0.12309855] 
generalized_qdd = [-16.5198476 8.26885094 14.5531485 -18.6750557 223.908605 -213.999336 -210.133435 217.350563 -318.15147 419.373045 388.871453 -389.119771 0.0604661033 0.0209139411 -7.62720058 -0.162664028 -0.72274191 -0.123098547 ]';
Set: generalized_qdd <-- [-17.216016, 6.0338832, 19.986837, -14.515337, 218.7517, -206.48275, -208.80478, 208.24881, -296.69498, 395.96872, 348.3482, -376.41972, 0.047066124, 0.041489968, -7.7079117, 1.3196788, -0.53414987, -0.28432588] 
generalized_qdd = [-17.216016 6.03388321 19.9868366 -14.5153374 218.751697 -206.482752 -208.804781 208.24881 -296.694976 395.968717 348.348203 -376.419719 0.0470661244 0.0414899676 -7.70791169 1.31967877 -0.534149868 -0.284325881 ]';
Set: generalized_qdd <-- [-16.388621, 4.1367585, 23.094585, -10.667868, 201.77209, -188.66941, -196.01083, 189.005, -259.48897, 353.46613, 291.56484, -344.70949, 0.032191391, 0.054657894, -7.8978223, 2.2710837, -0.3151334, -0.3842422] 
generalized_qdd = [-16.388621 4.13675849 23.0945847 -10.6678678 201.772089 -188.669407 -196.010831 189.004995 -259.488973 353.466129 291.564836 -344.709492 0.0321913907 0.0546578944 -7.8978223 2.27108373 -0.315133397 -0.384242195 ]';
Set: generalized_qdd <-- [-14.27073, 2.6490447, 23.978057, -7.2859377, 175.33361, -162.7884, -173.62753, 161.68103, -210.62574, 296.50491, 223.3506, -297.79521, 0.01724999, 0.060590329, -8.1740417, 2.7061913, -0.11050888, -0.42496169] 
generalized_qdd = [-14.2707296 2.64904472 23.978057 -7.28593765 175.333607 -162.788403 -173.627525 161.681027 -210.625738 296.504913 223.350604 -297.795207 0.0172499898 0.0605903293 -8.17404166 2.70619129 -0.110508884 -0.424961692 ]';
Set: generalized_qdd <-- [-11.194268, 1.5575454, 22.924063, -4.4131926, 142.05294, -131.19185, -143.91248, 128.56226, -154.41882, 229.87922, 148.77719, -239.85784, 0.0033372172, 0.060172792, -8.5112923, 2.6986851, 0.05030482, -0.41421105] 
generalized_qdd = [-11.194268 1.55754543 22.9240633 -4.41319255 142.052941 -131.191847 -143.912476 128.562259 -154.418822 229.87922 148.777188 -239.857841 0.00333721722 0.0601727923 -8.51129229 2.69868513 0.05030482 -0.414211052 ]';
Set: generalized_qdd <-- [-7.5382637, 0.79450218, 20.340371, -2.0194769, 104.61587, -96.22686, -109.3298, 92.020093, -95.115475, 158.2944, 72.829267, -175.21752, -0.0087886374, 0.05474686, -8.8836548, 2.3580971, 0.15333932, -0.36341942] 
generalized_qdd = [-7.53826369 0.794502184 20.3403708 -2.01947688 104.615867 -96.2268596 -109.329801 92.0200929 -95.115475 158.294404 72.8292675 -175.217521 -0.00878863736 0.0547468598 -8.88365482 2.35809711 0.153339321 -0.363419421 ]';
Set: generalized_qdd <-- [-3.6820322, 0.26667018, 16.692457, -0.035371834, 65.615981, -60.126474, -72.377052, 54.378666, -36.652742, 86.159356, 0.10882389, -108.1071, -0.018686076, 0.045863855, -9.2661513, 1.8079233, 0.19775487, -0.28581155] 
generalized_qdd = [-3.68203219 0.26667018 16.6924567 -0.0353718343 65.615981 -60.1264743 -72.3770518 54.3786658 -36.6527423 86.1593556 0.108823886 -108.1071 -0.0186860759 0.0458638555 -9.26615132 1.80792325 0.197754874 -0.285811551 ]';
Set: generalized_qdd <-- [0.032508604, -0.12037691, 12.447925, 1.6188198, 27.42093, -24.919278, -35.42695, 17.793522, 17.537255, 17.413973, -65.410824, -42.46447, -0.026182237, 0.035073659, -9.6360843, 1.16732, 0.19219347, -0.19469731] 
generalized_qdd = [0.0325086042 -0.120376908 12.4479253 1.61881981 27.4209297 -24.9192782 -35.4269505 17.7935223 17.5372546 17.4139728 -65.4108237 -42.4644699 -0.026182237 0.0350736591 -9.63608433 1.16732002 0.192193474 -0.194697305 ]';
Set: generalized_qdd <-- [3.3272186, -0.44481718, 8.0329343, 3.0120985, -7.9310358, 7.6423379, -0.59402638, -15.851012, 64.669931, -44.607893, -120.56977, 18.247075, -0.031311654, 0.023763536, -9.9740773, 0.53769801, 0.15075388, -0.10209324] 
generalized_qdd = [3.32721857 -0.444817182 8.03293426 3.01209848 -7.93103582 7.64233788 -0.594026384 -15.8510123 64.6699314 -44.607893 -120.569769 18.2470754 -0.0313116544 0.0237635357 -9.97407734 0.537698009 0.150753879 -0.102093243 ]';
Set: generalized_qdd <-- [6.0024151, -0.75869268, 3.8025783, 4.190594, -38.803148, 36.135273, 30.366947, -45.020726, 102.69788, -97.278744, -163.13834, 71.182033, -0.034253665, 0.013052953, -10.264791, -0.0053504533, 0.089311062, -0.017751708] 
generalized_qdd = [6.00241505 -0.758692679 3.80257831 4.19059401 -38.8031484 36.1352733 30.3669466 -45.0207255 102.697875 -97.2787436 -163.138345 71.1820326 -0.0342536653 0.0130529534 -10.2647908 -0.00535045333 0.0893110623 -0.017751708 ]';
Set: generalized_qdd <-- [7.9408648, -1.0850504, 0.025100825, 5.1736192, -64.001351, 59.49996, 56.127248, -68.583628, 130.34859, -138.73931, -191.86427, 114.21286, -0.035276505, 0.003742817, -10.497314, -0.41508344, 0.022631361, 0.051383606] 
generalized_qdd = [7.94086475 -1.0850504 0.0251008249 5.1736192 -64.0013507 59.4999597 56.1272477 -68.5836285 130.348591 -138.739312 -191.864271 114.21286 -0.0352765054 0.00374281704 -10.4973136 -0.415083443 0.0226313607 0.0513836057 ]';
Set: generalized_qdd <-- [9.1030475, -1.4207663, -3.1217597, 5.9564051, -82.786474, 77.055648, 75.814991, -85.834263, 147.11348, -167.9207, -206.45318, 145.98308, -0.034692532, -0.0036881738, -10.665252, -0.6724242, -0.037523238, 0.10132427] 
generalized_qdd = [9.10304754 -1.42076634 -3.12175971 5.95640511 -82.7864741 77.055648 75.814991 -85.8342627 147.113485 -167.920697 -206.453181 145.983083 -0.0346925321 -0.00368817378 -10.6652518 -0.6724242 -0.0375232375 0.101324271 ]';
Set: generalized_qdd <-- [9.5161401, -1.7432467, -5.544944, 6.5174263, -94.860322, 88.497028, 89.01291, -96.491102, 153.19334, -184.52667, -207.48995, 165.91234, -0.03282597, -0.0090510087, -10.766551, -0.78169454, -0.083314689, 0.13085007] 
generalized_qdd = [9.51614014 -1.74324672 -5.54494396 6.51742627 -94.8603225 88.497028 89.0129103 -96.4911025 153.193344 -184.52667 -207.489953 165.912344 -0.0328259705 -0.00905100874 -10.7665506 -0.781694544 -0.0833146889 0.130850068 ]';
Set: generalized_qdd <-- [9.2592535, -2.0190868, -7.2238109, 6.8280712, -100.32955, 93.873143, 95.727787, -100.66962, 149.40755, -188.978, -196.31184, 174.15571, -0.029992306, -0.012390297, -10.803098, -0.76450936, -0.1109244, 0.14107434] 
generalized_qdd = [9.25925345 -2.01908678 -7.22381091 6.82807122 -100.329546 93.8731426 95.7277868 -100.669621 149.407554 -188.977997 -196.311841 174.155705 -0.0299923058 -0.0123902966 -10.8030977 -0.764509359 -0.110924399 0.141074339 ]';
Set: generalized_qdd <-- [2.5347672, -12.789592, -135.86836, 24.07929, -117.19249, 131.86293, 1712.7293, -68.128727, 167.90315, -252.46749, -2496.2372, 119.78963, 1.0204696, -0.11952909, -10.313234, 13.699504, 16.110805, -3.5229375] 
generalized_qdd = [2.53476721 -12.7895915 -135.86836 24.0792903 -117.192489 131.862933 1712.72932 -68.1287271 167.903152 -252.467488 -2496.23717 119.789625 1.0204696 -0.119529092 -10.3132341 13.6995036 16.1108046 -3.52293747 ]';
Set: generalized_qdd <-- [0.55146787, 4.047479, 3.9552307, 39.747504, -12.589788, -11.344123, -235.67617, -1433.8439, -89.218723, 67.938551, 415.28355, 2352.3132, 15.353284, -6.965842, 6.7304843, 44.570359, 77.470684, 13.012962] 
generalized_qdd = [0.551467875 4.04747896 3.95523074 39.7475044 -12.589788 -11.3441229 -235.676171 -1433.84388 -89.2187233 67.938551 415.28355 2352.31317 15.3532841 -6.96584198 6.73048433 44.5703591 77.470684 13.0129623 ]';
Set: generalized_qdd <-- [0.69363555, 6.229818, 20.911508, -4.2230918, 5.7625679, -11.936629, -258.75423, 146.43608, -118.14242, 74.337619, 460.57412, -305.14308, 16.411909, -5.5182805, 8.401174, 62.773495, 74.473935, 24.218105] 
generalized_qdd = [0.693635545 6.229818 20.9115081 -4.22309184 5.76256793 -11.9366287 -258.754233 146.436081 -118.142422 74.3376187 460.574116 -305.143075 16.4119087 -5.51828047 8.40117402 62.7734955 74.4739352 24.2181054 ]';
Set: generalized_qdd <-- [0.6365979, 5.362053, 22.394093, -6.068815, 1.667846, -6.8490722, -282.93061, 190.38854, -101.17124, 59.866519, 496.53106, -367.27789, 17.2521, -4.9304183, 9.5553813, 54.334128, 85.257941, 18.905972] 
generalized_qdd = [0.636597901 5.36205298 22.3940933 -6.06881496 1.66784596 -6.84907217 -282.930606 190.388535 -101.171237 59.8665193 496.531056 -367.27789 17.2520997 -4.93041826 9.55538126 54.3341275 85.257941 18.9059717 ]';
Set: generalized_qdd <-- [0.51248611, 4.270945, 22.524089, -7.873697, -2.070511, -1.9555769, -290.62981, 220.68192, -80.89698, 43.872661, 504.28128, -404.804, 17.415484, -3.9033353, 9.9173438, 41.970692, 91.895674, 12.953892] 
generalized_qdd = [0.512486106 4.27094496 22.5240894 -7.87369699 -2.07051095 -1.95557688 -290.629814 220.681918 -80.8969795 43.8726609 504.281282 -404.804004 17.4154839 -3.90333535 9.91734379 41.9706924 91.8956743 12.9538922 ]';
Set: generalized_qdd <-- [-131.13032, -21.399582, 12.197922, -17.764858, -1519.303, -9.7732154, -285.83158, 223.02484, 2858.8138, 42.840931, 481.43861, -404.82635, 16.22568, -2.6719801, 9.6396275, 32.327664, 90.540745, 19.839528] 
generalized_qdd = [-131.130325 -21.3995824 12.1979223 -17.7648578 -1519.30301 -9.77321541 -285.831577 223.024838 2858.81381 42.8409313 481.43861 -404.826348 16.2256799 -2.67198008 9.63962751 32.3276641 90.5407451 19.8395275 ]';
Set: generalized_qdd <-- [8.5229743, -279.28233, -43.032083, -71.479494, 165.54253, 1583.2033, -301.78127, 255.15469, -378.28253, -3023.3407, 420.82933, -369.07276, -5.7884325, -8.5656951, 21.956943, 10.724918, 14.04492, 18.241613] 
generalized_qdd = [8.52297432 -279.282332 -43.032083 -71.4794939 165.542534 1583.20326 -301.781265 255.154695 -378.282534 -3023.34069 420.829327 -369.072763 -5.78843251 -8.56569511 21.9569425 10.7249182 14.0449203 18.2416126 ]';
Set: generalized_qdd <-- [15.647595, 43.463563, -44.19197, -69.255494, 217.37626, -214.64075, -266.72249, 219.48402, -449.37473, 424.38791, 378.39958, -318.1753, -7.5727551, -7.5694738, 23.271639, 0.31899196, -4.5334617, 13.388225] 
generalized_qdd = [15.6475946 43.4635633 -44.1919703 -69.2554943 217.37626 -214.640747 -266.722486 219.484023 -449.374726 424.387905 378.399583 -318.175298 -7.57275508 -7.56947379 23.2716393 0.318991961 -4.53346169 13.3882249 ]';
Set: generalized_qdd <-- [22.617929, 54.620817, -31.941111, 5.5285145, 249.71421, -255.69629, -218.80423, 209.15239, -491.30163, 498.06086, 309.77875, -355.7273, -10.378493, -5.2223146, 23.484775, -10.34509, -23.810093, 2.2432991] 
generalized_qdd = [22.617929 54.6208171 -31.9411109 5.52851455 249.714209 -255.696286 -218.804225 209.152387 -491.301629 498.060855 309.77875 -355.727301 -10.3784927 -5.22231456 23.4847754 -10.3450905 -23.8100934 2.24329915 ]';
Set: generalized_qdd <-- [24.575801, 58.880477, -21.395686, 11.082519, 265.9905, -281.27475, -165.19221, 181.60598, -505.5144, 539.74616, 231.76436, -302.07723, -12.337509, -2.5898235, 22.506175, -20.4274, -39.854569, -5.3933094] 
generalized_qdd = [24.5758011 58.8804771 -21.3956864 11.0825191 265.9905 -281.274748 -165.192208 181.605981 -505.514402 539.746157 231.764356 -302.077228 -12.337509 -2.58982354 22.5061753 -20.4274003 -39.8545693 -5.39330937 ]';
Set: generalized_qdd <-- [25.048829, 59.639701, -10.943728, 15.483248, 267.04175, -290.07062, -108.6525, 147.82114, -492.69308, 550.07062, 149.83516, -238.96969, -13.476971, -0.07937651, 20.481018, -28.554392, -52.197401, -11.923047] 
generalized_qdd = [25.048829 59.6397015 -10.9437281 15.4832475 267.041749 -290.07062 -108.652502 147.821141 -492.693075 550.070622 149.835159 -238.969685 -13.4769713 -0.0793765101 20.4810179 -28.5543922 -52.1974008 -11.9230469 ]';
Set: generalized_qdd <-- [24.176553, 57.205341, -1.1466053, 18.624459, 254.36436, -283.33464, -52.303013, 110.10037, -456.16057, 531.5807, 68.499318, -170.43875, -13.809939, 2.1827512, 17.610887, -34.453715, -60.561907, -17.115322] 
generalized_qdd = [24.1765534 57.2053407 -1.14660526 18.6244587 254.364362 -283.33464 -52.3030127 110.100367 -456.160566 531.580698 68.4993177 -170.438751 -13.8099388 2.18275125 17.6108868 -34.4537155 -60.5619068 -17.1153217 ]';
Set: generalized_qdd <-- [22.160629, 52.042456, 7.5602363, 20.482375, 230.0328, -262.99508, 1.0527183, 70.703666, -400.15503, 488.07472, -8.1962505, -100.36646, -13.39379, 4.0982428, 14.124611, -38.004548, -64.926927, -20.84902] 
generalized_qdd = [22.1606293 52.0424562 7.56023626 20.4823745 230.032797 -262.995076 1.0527183 70.7036663 -400.155025 488.07472 -8.19625049 -100.366458 -13.3937899 4.09824279 14.1246109 -38.0045479 -64.9269271 -20.8490199 ]';
Set: generalized_qdd <-- [19.242327, 44.725295, 14.871136, 21.105338, 196.51929, -231.48147, 49.037133, 31.74524, -329.51029, 424.27707, -76.83397, -32.324044, -12.323263, 5.599982, 10.262985, -39.234213, -65.497643, -23.102997] 
generalized_qdd = [19.2423265 44.7252952 14.8711358 21.1053385 196.519291 -231.481466 49.0371329 31.7452399 -329.510293 424.277066 -76.8339702 -32.324044 -12.3232626 5.59998196 10.2629848 -39.2342129 -65.4976431 -23.1029968 ]';
Set: generalized_qdd <-- [15.515981, 35.683923, 17.322835, 21.186251, 156.56657, -190.68176, 154.26387, -4.2814313, -249.51471, 344.3708, -245.16117, 29.400891, -11.216186, 5.4074899, 6.2741921, -30.708946, -65.419679, -24.114525] 
generalized_qdd = [15.5159807 35.6839233 17.322835 21.1862514 156.566575 -190.681755 154.263872 -4.28143128 -249.514709 344.370796 -245.161172 29.4008909 -11.2161858 5.40748988 6.27419212 -30.7089457 -65.4196785 -24.1145245 ]';
Set: generalized_qdd <-- [2847.1728, 185.51099, 267.79897, -64.436892, 341.45208, 38.987484, 137.28399, 143.02097, 1169.5167, 119.73043, -29.603756, 140.13818, -9.8101345, 3.6835283, 0.524213, -48.072379, -15.040642, -151.2529] 
generalized_qdd = [2847.17276 185.510992 267.798972 -64.4368919 341.452085 38.9874842 137.283988 143.02097 1169.51666 119.730428 -29.6037559 140.138176 -9.81013453 3.68352828 0.524213003 -48.0723786 -15.0406423 -151.252902 ]';
Set: generalized_qdd <-- [-418.87509, -10.604716, 59.482208, 34.843984, 45.106634, -122.65265, 171.19479, -89.553018, -306.38844, 177.78474, -197.19667, 120.98995, -5.6724968, 5.1415274, 0.40995047, -6.2361689, -54.65288, -6.6253779] 
generalized_qdd = [-418.875085 -10.6047161 59.4822084 34.8439837 45.1066335 -122.652649 171.194785 -89.5530178 -306.388437 177.784737 -197.196667 120.989946 -5.67249681 5.14152736 0.409950475 -6.23616886 -54.65288 -6.62537792 ]';
Set: generalized_qdd <-- [-500.70426, -24.232636, 43.412021, 31.141076, -10.162236, -80.037083, 176.38065, -117.31423, -252.05434, 91.68505, -219.58943, 155.2325, -3.1616715, 4.1608905, -2.1583244, 2.3701079, -44.388146, 0.91913259] 
generalized_qdd = [-500.704263 -24.2326359 43.4120206 31.1410761 -10.1622359 -80.0370827 176.380653 -117.314231 -252.054337 91.6850504 -219.589425 155.232502 -3.16167154 4.16089052 -2.15832443 2.37010792 -44.3881461 0.919132593 ]';
Set: generalized_qdd <-- [-548.80037, -35.208599, 27.036806, 28.292759, -59.158441, -37.745947, 172.28661, -135.53752, -190.88551, 9.7581388, -228.69614, 176.93237, -0.97691225, 3.1908746, -4.6132852, 10.353162, -34.7448, 6.6728533] 
generalized_qdd = [-548.800373 -35.2085987 27.0368055 28.2927586 -59.1584411 -37.7459469 172.286607 -135.537515 -190.885512 9.75813877 -228.696141 176.932374 -0.976912254 3.19087458 -4.61328525 10.3531624 -34.7447998 6.6728533 ]';
Set: generalized_qdd <-- [-564.44957, -43.331411, 10.998337, 24.334318, -99.659993, 2.1360112, 160.00518, -145.18513, -127.59852, -64.371868, -225.38789, 187.6496, 1.0299704, 2.3470244, -6.6635126, 15.940068, -24.39347, 11.542224] 
generalized_qdd = [-564.449569 -43.3314108 10.9983366 24.3343184 -99.6599928 2.13601119 160.005179 -145.185129 -127.598519 -64.3718677 -225.387887 187.649604 1.02997041 2.3470244 -6.66351261 15.9400683 -24.3934705 11.5422238 ]';
Set: generalized_qdd <-- [-550.28488, -48.477085, -3.9580941, 19.601777, -130.21486, 37.700223, 140.98199, -146.65262, -66.179866, -127.49954, -211.07525, 187.97106, 2.7234074, 1.6772376, -8.2054719, 18.997978, -14.224225, 15.353192] 
generalized_qdd = [-550.284883 -48.4770852 -3.95809415 19.6017768 -130.214859 37.7002228 140.981987 -146.652617 -66.1798655 -127.499545 -211.075249 187.971064 2.72340737 1.67723761 -8.20547192 18.997978 -14.2242254 15.3531917 ]';
Set: generalized_qdd <-- [-510.15705, -50.754133, -17.176763, 14.454898, -150.17733, 68.288297, 116.81845, -140.70501, -9.7890519, -178.72236, -187.51663, 178.9693, 2.8809598, 1.6445039, -8.2065339, 17.066512, -11.510462, 18.006115] 
generalized_qdd = [-510.157047 -50.754133 -17.1767628 14.4548981 -150.177335 68.288297 116.818445 -140.705012 -9.7890519 -178.722355 -187.516629 178.9693 2.88095981 1.64450394 -8.20653387 17.0665121 -11.5104624 18.0061151 ]';
Set: generalized_qdd <-- [-541.51397, 245.09429, 97.568027, 105.88893, -439.30992, 409.53213, -249.96965, 92.715205, 442.69792, -9077.4598, 390.41306, -15.777157, 5.8339813, 1.0253179, -11.696616, 126.01457, 128.45047, 23.553899] 
generalized_qdd = [-541.513967 245.094293 97.568027 105.888929 -439.309917 409.532126 -249.969651 92.7152048 442.697921 -9077.45982 390.413059 -15.7771574 5.83398125 1.02531789 -11.6966159 126.014567 128.450473 23.5538985 ]';
Set: generalized_qdd <-- [-358.10129, -91.34937, -56.046341, -13.733883, -117.92147, 36.826329, 110.90152, -143.11112, 20.317312, 1131.5636, -203.81926, 168.95633, 2.2046887, 1.8931244, -7.4537742, 13.955689, -12.535337, 43.508723] 
generalized_qdd = [-358.101288 -91.3493696 -56.0463411 -13.7338825 -117.921467 36.8263289 110.901522 -143.111124 20.3173123 1131.56362 -203.819264 168.956331 2.20468868 1.89312439 -7.45377422 13.9556887 -12.5353374 43.5087229 ]';
Set: generalized_qdd <-- [-267.35632, -94.439753, -65.313151, -20.824185, -101.84828, 48.251577, 91.09786, -127.9878, 41.35449, 1350.088, -181.24483, 145.33897, 2.4852394, 1.8997664, -6.9495099, 1.5000032, -12.213011, 37.592935] 
generalized_qdd = [-267.356323 -94.4397532 -65.3131508 -20.8241845 -101.848278 48.251577 91.09786 -127.987798 41.3544901 1350.08795 -181.244834 145.338974 2.48523935 1.89976637 -6.9495099 1.50000323 -12.2130114 37.5929349 ]';
Set: generalized_qdd <-- [-172.39574, -92.576778, -70.428948, -26.183573, -82.228587, 56.022471, 68.692752, -107.9343, 58.105774, 1479.5829, -151.8123, 116.78449, 2.8159887, 1.9109019, -6.4097608, -10.548507, -10.172584, 30.214675] 
generalized_qdd = [-172.395738 -92.5767781 -70.4289483 -26.1835734 -82.228587 56.0224705 68.6927521 -107.934299 58.105774 1479.5829 -151.812299 116.784491 2.81598873 1.91090191 -6.40976084 -10.5485074 -10.1725839 30.2146747 ]';
Set: generalized_qdd <-- [-78.345053, -86.329293, -71.552441, -29.722761, -60.638233, 59.121462, 45.048067, -84.447249, 70.637801, 1524.0276, -117.67438, 85.212343, 3.1774232, 1.9257783, -5.8650004, -21.62175, -6.6775797, 21.905897] 
generalized_qdd = [-78.3450526 -86.3292931 -71.5524412 -29.7227613 -60.6382333 59.1214618 45.0480669 -84.4472494 70.6378008 1524.02763 -117.674376 85.2123431 3.17742316 1.92577826 -5.86500045 -21.6217503 -6.67757974 21.9058969 ]';
Set: generalized_qdd <-- [10.22671, -76.416764, -69.022915, -31.449365, -38.51302, 57.240309, 21.46517, -59.048295, 79.061657, 1490.6384, -81.018225, 52.503911, 3.5501688, 1.9436685, -5.3425739, -31.260837, -2.0421525, 13.187732] 
generalized_qdd = [10.2267101 -76.4167642 -69.0229147 -31.449365 -38.5130195 57.2403091 21.4651698 -59.0482947 79.0616566 1490.63837 -81.0182247 52.5039111 3.55016875 1.94366851 -5.34257387 -31.2608367 -2.04215252 13.1877319 ]';
Set: generalized_qdd <-- [89.471762, -63.667813, -63.325327, -31.45636, -17.077762, 50.769873, -0.87667045, -33.205414, 83.496661, 1389.1412, -43.946811, 20.412812, 3.9157267, 1.9638474, -4.8657776, -39.126644, 3.389183, 4.5440776] 
generalized_qdd = [89.4717615 -63.6678131 -63.3253268 -31.4563599 -17.0777618 50.7698728 -0.87667045 -33.2054139 83.4966614 1389.14117 -43.9468108 20.4128123 3.91572671 1.96384735 -4.86577763 -39.1266435 3.38918305 4.54407761 ]';
Set: generalized_qdd <-- [156.37963, -48.975838, -55.052209, -29.908536, 2.6875465, 40.669616, -20.970782, -8.2641523, 84.076076, 1231.1148, -8.3763516, -9.5105885, 4.2572324, 1.9855742, -4.4532228, -45.003368, 9.2621885, -3.5990948] 
generalized_qdd = [156.379629 -48.9758376 -55.0522087 -29.9085365 2.68754654 40.6696161 -20.9707824 -8.26415225 84.0760764 1231.11481 -8.37635163 -9.51058849 4.25723241 1.98557421 -4.45322281 -45.0033684 9.26218848 -3.59909477 ]';
Set: generalized_qdd <-- [208.8434, -33.252885, -44.864418, -27.027788, 20.051301, 28.259698, -38.020137, 14.608537, 80.980537, 1029.3901, 24.045488, -35.97783, 4.5601842, 2.0080917, -4.1184634, -48.795923, 15.232599, -10.888438] 
generalized_qdd = [208.843402 -33.2528853 -44.8644185 -27.0277875 20.0513012 28.259698 -38.0201373 14.6085366 80.9805367 1029.39007 24.0454883 -35.9778303 4.56018422 2.00809166 -4.11846339 -48.7959231 15.2325991 -10.8884379 ]';
Set: generalized_qdd <-- [245.67693, -17.383894, -33.452549, -23.077805, 34.512943, 14.984479, -51.459805, 34.466086, 74.481672, 797.48644, 51.998205, -58.002555, 4.8130757, 2.0306406, -3.8698754, -50.522036, 20.983744, -17.052103] 
generalized_qdd = [245.676925 -17.3838941 -33.4525493 -23.0778054 34.5129433 14.9844793 -51.4598051 34.4660863 74.4816716 797.486439 51.9982045 -58.0025545 4.81307566 2.03064059 -3.8698754 -50.5220365 20.9837441 -17.0521026 ]';
Set: generalized_qdd <-- [266.58583, -2.1839794, -21.500575, -18.348618, 45.774421, 2.1925852, -60.964801, 50.608912, 64.979239, 549.07021, 74.523317, -74.921681, 5.0078653, 2.0524878, -3.7107726, -50.299961, 26.241168, -21.903304] 
generalized_qdd = [266.585833 -2.18397936 -21.5005751 -18.3486175 45.7744215 2.19258517 -60.9648009 50.6089125 64.9792391 549.070208 74.5233174 -74.9216812 5.00786535 2.05248776 -3.71077261 -50.2999611 26.2411684 -21.9033045 ]';
Set: generalized_qdd <-- [272.09741, 11.638485, -9.6531176, -13.141344, 53.708785, -9.0322179, -66.444218, 62.59581, 53.019208, 297.42575, 91.036422, -86.398009, 5.1402315, 2.072959, -3.6397403, -48.332729, 30.783584, -25.339306] 
generalized_qdd = [272.097414 11.6384853 -9.65311758 -13.1413445 53.7087846 -9.03221791 -66.4442181 62.5958101 53.019208 297.42575 91.0364218 -86.3980092 5.14023148 2.07295903 -3.63974034 -48.3327294 30.7835841 -25.3393056 ]';
Set: generalized_qdd <-- [263.45608, 23.510651, 1.5124854, -7.7535892, 58.331702, -17.969979, -68.023247, 70.240924, 39.286208, 54.942304, 101.31842, -92.405632, 5.2095799, 2.0914711, -3.6511614, -44.889957, 34.449753, -27.336628] 
generalized_qdd = [263.456077 23.5106515 1.51248536 -7.75358915 58.331702 -17.9699785 -68.0232468 70.2409237 39.286208 54.9423037 101.31842 -92.4056324 5.20957991 2.09147113 -3.65116137 -44.8899567 34.4497526 -27.3366281 ]';
Set: generalized_qdd <-- [242.49254, 33.014254, 11.50837, -2.4659198, 59.778759, -24.289602, -66.015209, 73.597741, 24.570151, -167.37004, 105.4887, -93.200398, 5.2188025, 2.1075567, -3.7358987, -40.288226, 37.141193, -27.943321] 
generalized_qdd = [242.492538 33.0142536 11.5083701 -2.46591976 59.7787587 -24.2896024 -66.0152091 73.5977412 24.5701512 -167.37004 105.488702 -93.2003983 5.21880252 2.10755667 -3.73589866 -40.2882256 37.1411927 -27.9433208 ]';
Set: generalized_qdd <-- [181.68203, 320.97945, 90.503659, 55.104939, -65.441525, 483.85801, -211.64113, 173.82063, 193.22302, -5219.7803, 353.09881, -162.86389, 6.3113047, 1.753986, -5.549298, 16.529592, 100.86056, -33.602628] 
generalized_qdd = [181.682027 320.979448 90.5036591 55.104939 -65.4415246 483.858008 -211.641128 173.820632 193.223019 -5219.78028 353.098814 -162.863891 6.31130466 1.75398597 -5.54929804 16.5295924 100.86056 -33.6026279 ]';
Set: generalized_qdd <-- [-129.06729, -9.6789875, -1.6349434, 56.245291, -626.29474, -103.23648, -37.032104, -0.20846478, 1104.9097, 70.126048, 56.068983, -106.17901, 11.155809, 6.5113351, 4.1992262, -1.8961943, -7.2712065, -22.062761] 
generalized_qdd = [-129.067289 -9.67898752 -1.63494344 56.2452914 -626.294738 -103.236482 -37.0321037 -0.208464781 1104.90969 70.1260475 56.0689828 -106.179006 11.155809 6.51133512 4.19922625 -1.89619429 -7.27120653 -22.0627615 ]';
Set: generalized_qdd <-- [886.66286, 966.6025, -471.81549, -248.55465, 718.10095, -1108.6094, 1127.7454, -199.38822, -477.649, 1621.611, -1697.3584, 66.699922, -5.1433136, -0.63555986, 10.673132, -576.84779, -332.56885, -316.31564] 
generalized_qdd = [886.662855 966.602495 -471.815492 -248.55465 718.100949 -1108.60941 1127.74537 -199.38822 -477.649004 1621.61104 -1697.35844 66.6999219 -5.14331359 -0.635559864 10.6731316 -576.847794 -332.568854 -316.315636 ]';
Set: generalized_qdd <-- [155.88628, 154.80285, 564.94842, 272.10348, 66.32495, 195.65186, 535.98339, 281.19789, -116.08919, -12.076048, -38.669786, -156.54117, -9.928738, 1.7580435, 6.980536, 49.801673, 38.55641, -212.00486] 
generalized_qdd = [155.886282 154.802852 564.948421 272.103478 66.3249505 195.651863 535.983385 281.197888 -116.089187 -12.0760482 -38.6697856 -156.541166 -9.92873801 1.75804349 6.98053599 49.8016733 38.55641 -212.004864 ]';
Set: generalized_qdd <-- [-22.299244, -19.807984, 282.5849, 273.9259, 99.719936, 184.89891, -205.21352, 70.587612, -232.09749, -68.42296, 289.88176, 127.66474, -10.99789, 0.78472618, 7.0004669, 138.93761, 26.950238, -123.78415] 
generalized_qdd = [-22.299244 -19.8079836 282.5849 273.925901 99.7199361 184.898908 -205.213515 70.5876116 -232.097486 -68.4229601 289.881764 127.664745 -10.9978905 0.784726185 7.0004669 138.937607 26.9502385 -123.784154 ]';
Set: generalized_qdd <-- [-88.159171, -86.91491, 226.10234, -12.47055, 67.571156, 179.66432, -263.98706, 34.933126, -231.77511, -95.986426, 334.10809, -23.122073, -10.871072, -1.0738889, 7.0996443, 153.16198, 33.767286, -63.174802] 
generalized_qdd = [-88.1591708 -86.9149101 226.102339 -12.4705504 67.5711565 179.664325 -263.987058 34.9331261 -231.77511 -95.9864262 334.108093 -23.122073 -10.8710719 -1.07388886 7.09964429 153.161983 33.7672856 -63.1748016 ]';
Set: generalized_qdd <-- [-135.43752, -133.97566, 178.98821, -26.1841, 52.520835, 163.12669, -287.36028, 19.446506, -233.69331, -109.08935, 345.52725, -12.767555, -10.199478, -2.5128395, 6.8749299, 161.54702, 33.52212, -17.425757] 
generalized_qdd = [-135.437519 -133.975656 178.988212 -26.1841004 52.5208352 163.126686 -287.360277 19.4465055 -233.693306 -109.089352 345.527246 -12.7675554 -10.199478 -2.51283953 6.87492991 161.547021 33.5221195 -17.4257569 ]';
Set: generalized_qdd <-- [-171.04783, -169.54089, 127.07409, -37.285854, 36.051789, 140.30052, -294.05823, 4.9022675, -223.33052, -115.81304, 338.84071, -3.4067866, -9.0575556, -3.7144609, 6.3336153, 160.9564, 31.692424, 24.741689] 
generalized_qdd = [-171.047828 -169.540887 127.074093 -37.2858545 36.0517891 140.300525 -294.058234 4.90226754 -223.330522 -115.813045 338.840705 -3.40678664 -9.05755564 -3.71446087 6.33361533 160.956396 31.6924244 24.7416889 ]';
Set: generalized_qdd <-- [-194.44877, -193.10604, 73.472924, -45.500781, 19.238442, 112.81116, -285.26671, -8.1352885, -202.52615, -116.39063, 316.07435, 4.7695992, -7.5461349, -4.6401023, 5.531569, 152.30707, 28.507202, 61.638406] 
generalized_qdd = [-194.448769 -193.106044 73.4729237 -45.5007809 19.2384419 112.811164 -285.266708 -8.13528849 -202.526146 -116.39063 316.074352 4.76959923 -7.5461349 -4.64010232 5.531569 152.307065 28.5072019 61.638406 ]';
Set: generalized_qdd <-- [-254.36771, 1521.9494, 210.65666, 137.99743, -274.59624, 445.90313, -612.84365, 223.92206, 132.99852, -10262.935, 708.45899, -220.2513, -2.651503, -6.4393022, 0.564387, 261.12014, 165.37181, 37.388152] 
generalized_qdd = [-254.367709 1521.9494 210.656663 137.997426 -274.596238 445.903132 -612.843652 223.92206 132.998516 -10262.9354 708.45899 -220.251301 -2.65150296 -6.43930216 0.564387002 261.120144 165.371814 37.3881518 ]';
Set: generalized_qdd <-- [-220.1048, -656.50126, -251.02179, -109.25697, -11.939383, -189.97071, -229.02646, -65.643241, -136.52856, 1435.0157, 235.19011, 38.086143, 2.3985915, -8.0662762, 9.4822713, 26.265584, 4.2046696, 229.46924] 
generalized_qdd = [-220.1048 -656.501264 -251.021789 -109.256973 -11.9393832 -189.970714 -229.026458 -65.6432409 -136.528556 1435.01573 235.190112 38.0861428 2.39859148 -8.06627616 9.48227129 26.2655843 4.20466962 229.469235 ]';
Set: generalized_qdd <-- [-206.30451, -666.8639, -267.0488, -109.12858, 8.3511022, -189.77367, -151.48271, -78.483409, -145.22027, 1704.4164, 130.23304, 50.902293, 3.8760401, -6.9921432, 6.9999929, 6.49831, -2.2513904, 228.57508] 
generalized_qdd = [-206.304507 -666.8639 -267.048803 -109.128575 8.35110217 -189.773673 -151.482714 -78.4834088 -145.220266 1704.41638 130.233035 50.902293 3.87604015 -6.99214321 6.99999288 6.49831005 -2.25139037 228.575081 ]';
Set: generalized_qdd <-- [-181.65797, -642.76778, -266.35886, -103.96975, -7.2990261, -182.02088, -105.078, -86.893468, -86.467828, 1865.2125, 83.665659, 61.045214, 3.0637638, -6.1649437, 5.0219113, -8.8151851, -20.399502, 216.47486] 
generalized_qdd = [-181.657969 -642.767777 -266.358862 -103.969745 -7.29902608 -182.020883 -105.077997 -86.893468 -86.4678279 1865.21245 83.6656585 61.0452138 3.06376382 -6.1649437 5.02191129 -8.81518507 -20.3995019 216.474862 ]';
Set: generalized_qdd <-- [-152.45346, -588.48797, -253.80698, -93.718549, 10.930869, -168.08299, -32.734059, -90.176547, -85.815319, 1919.8936, -8.0477654, 66.873282, 4.6800147, -5.2691441, 2.844035, -21.185841, -20.003462, 194.866] 
generalized_qdd = [-152.453461 -588.487974 -253.806976 -93.7185491 10.9308687 -168.082993 -32.734059 -90.1765466 -85.8153194 1919.89359 -8.04776542 66.8732817 4.68001466 -5.26914408 2.844035 -21.1858409 -20.0034618 194.865998 ]';
Set: generalized_qdd <-- [-116.77307, -509.87658, -229.55542, -80.230097, -1.8926995, -151.21416, 13.661985, -89.17003, -30.532156, 1879.9941, -54.572657, 69.410561, 3.6496537, -4.4827222, 0.86785998, -30.06174, -32.624273, 166.07454] 
generalized_qdd = [-116.77307 -509.876585 -229.555419 -80.2300971 -1.89269946 -151.214157 13.6619851 -89.1700303 -30.5321561 1879.99413 -54.5726565 69.4105606 3.64965373 -4.48272216 0.867859977 -30.0617398 -32.6242729 166.074538 ]';
Set: generalized_qdd <-- [-80.494214, -413.13914, -197.02358, -63.828856, 12.287513, -131.53267, 68.566099, -83.7529, -24.595585, 1754.8018, -119.16374, 67.884917, 4.4086054, -3.5998771, -1.3425075, -36.143921, -30.581182, 131.89089] 
generalized_qdd = [-80.4942138 -413.139139 -197.023583 -63.8288555 12.2875132 -131.53267 68.5660993 -83.7528997 -24.5955848 1754.80184 -119.163741 67.8849175 4.40860539 -3.59987712 -1.34250753 -36.1439206 -30.5811824 131.890893 ]';
Set: generalized_qdd <-- [-42.744739, -305.09747, -158.00009, -46.093426, 11.234426, -110.37805, 105.59868, -74.790019, 5.294215, 1559.6311, -155.47612, 63.151883, 3.3168024, -3.0007745, -2.9296724, -37.990956, -36.739839, 94.630587] 
generalized_qdd = [-42.7447387 -305.097471 -158.000087 -46.0934263 11.2344256 -110.378052 105.59868 -74.7900188 5.29421504 1559.63113 -155.476125 63.1518829 3.3168024 -3.00077452 -2.92967239 -37.9909561 -36.7398391 94.6305871 ]';
Set: generalized_qdd <-- [-6.9833815, -192.52903, -115.72739, -27.779935, 9.8763103, -87.701747, 137.17775, -63.031829, 30.579339, 1308.9914, -187.53234, 55.774579, 2.9836396, -2.4414686, -4.4180041, -37.040663, -35.241534, 56.716493] 
generalized_qdd = [-6.98338151 -192.529035 -115.727394 -27.7799345 9.87631032 -87.701747 137.177751 -63.0318292 30.5793389 1308.99138 -187.532342 55.774579 2.98363955 -2.44146864 -4.41800411 -37.0406627 -35.2415344 56.716493 ]';
Set: generalized_qdd <-- [25.609478, -81.535028, -71.862114, -9.9118866, 7.8965507, -63.66599, 158.53209, -49.144899, 52.052156, 1019.3091, -206.74379, 46.14432, 2.3459979, -1.9296122, -5.7734151, -33.620644, -33.115401, 19.658481] 
generalized_qdd = [25.6094782 -81.5350278 -71.8621143 -9.91188656 7.8965507 -63.6659898 158.532094 -49.144899 52.0521561 1019.30908 -206.743791 46.1443198 2.3459979 -1.92961221 -5.77341507 -33.620644 -33.1154006 19.6584813 ]';
Set: generalized_qdd <-- [53.708341, 22.353089, -28.685566, 6.6829595, 5.4620321, -38.56911, 169.66559, -34.009728, 69.022266, 707.31032, -213.42332, 34.990214, 1.6535225, -1.5561865, -6.7806562, -27.721248, -29.442878, -14.790568] 
generalized_qdd = [53.7083409 22.3530893 -28.6855657 6.68295954 5.46203215 -38.5691103 169.665589 -34.0097284 69.022266 707.310319 -213.42332 34.9902139 1.65352252 -1.55618645 -6.7806562 -27.7212483 -29.4428783 -14.7905675 ]';
Set: generalized_qdd <-- [76.350992, 114.56337, 11.737586, 21.302326, 2.7641198, -13.005664, 171.08689, -18.50581, 81.075063, 389.57427, -208.51191, 23.042467, 0.94735443, -1.3246885, -7.4251309, -19.899272, -24.568352, -45.158241] 
generalized_qdd = [76.3509916 114.563369 11.7375864 21.3023265 2.76411982 -13.0056635 171.08689 -18.5058103 81.0750627 389.574275 -208.511911 23.042467 0.947354426 -1.32468851 -7.42513094 -19.8992725 -24.5683524 -45.158241 ]';
Set: generalized_qdd <-- [92.751184, 191.59255, 47.607008, 33.392538, -0.16010531, 12.067711, 164.03903, -3.5209176, 87.876436, 81.902963, -194.43269, 11.076895, 0.19905821, -1.2210733, -7.7336743, -10.746127, -19.015433, -70.210775] 
generalized_qdd = [92.7511838 191.592554 47.6070077 33.392538 -0.160105312 12.067711 164.039025 -3.52091755 87.8764364 81.9029628 -194.432687 11.0768953 0.199058209 -1.22107332 -7.73367427 -10.7461269 -19.0154329 -70.2107745 ]';
Set: generalized_qdd <-- [103.05814, 251.16442, 77.637915, 42.624157, -2.7138081, 35.574557, 149.2043, 10.293731, 89.888511, -201.56253, -171.00679, -0.38206002, -0.41856007, -1.2580368, -7.6838208, -0.91761526, -12.8737, -89.36998] 
generalized_qdd = [103.058143 251.164421 77.6379153 42.6241575 -2.71380813 35.5745574 149.204295 10.2937314 89.8885112 -201.562526 -171.00679 -0.382060024 -0.418560074 -1.25803681 -7.68382083 -0.917615255 -12.8736998 -89.3699802 ]';
Set: generalized_qdd <-- [107.18273, 292.07861, 100.8293, 48.799319, -4.9242554, 56.191114, 128.40681, 22.268241, 87.255825, -448.64671, -141.33829, -10.71664, -0.95293225, -1.4096155, -7.3360276, 9.0208029, -6.6718336, -102.14264] 
generalized_qdd = [107.182726 292.078609 100.829304 48.799319 -4.92425537 56.1911135 128.40681 22.2682413 87.2558247 -448.646714 -141.338289 -10.7166398 -0.952932255 -1.40961553 -7.33602762 9.02080295 -6.67183359 -102.142639 ]';
Set: generalized_qdd <-- [82.500752, 916.9033, 190.27796, 124.1476, -122.75817, 480.66618, -32.194748, 130.28397, 206.60978, -5325.3121, 51.897468, -114.08337, -0.21888564, -2.2035116, -8.4013222, 69.380821, 57.126912, -127.68737] 
generalized_qdd = [82.500752 916.903305 190.277961 124.147599 -122.758167 480.666176 -32.1947477 130.283971 206.609785 -5325.31208 51.8974681 -114.083372 -0.21888564 -2.20351164 -8.40132217 69.3808212 57.1269116 -127.687368 ]';
Set: generalized_qdd <-- [-2536.6241, -3250.9315, 2241.966, 2434.8848, -1948.3863, 11896.008, -4803.4959, 1765.8966, 837.13084, -18269.814, 5726.4842, -584.13703, -12.076402, 1.1026495, 3.7719711, 2296.5629, 1278.2741, 271.99365] 
generalized_qdd = [-2536.62405 -3250.93153 2241.96595 2434.88477 -1948.38625 11896.0081 -4803.49585 1765.8966 837.130844 -18269.8137 5726.4842 -584.137026 -12.0764016 1.10264948 3.77197105 2296.56292 1278.27408 271.993651 ]';
Set: generalized_qdd <-- [-3480.8046, 2822.8447, 3733.9744, 4041.7662, -2545.1399, 13492.16, -6676.0309, 2330.9248, 1247.3856, -75255.017, 8349.2411, -543.94078, 6.2277893, -5.5571771, -6.1738313, 3517.9545, 1841.43, 55.468484] 
generalized_qdd = [-3480.80458 2822.84474 3733.97441 4041.76624 -2545.13995 13492.1603 -6676.03088 2330.9248 1247.38559 -75255.0171 8349.2411 -543.940776 6.22778928 -5.55717709 -6.17383132 3517.95452 1841.42997 55.4684839 ]';
Set: generalized_qdd <-- [5606.7938, 1357.7125, 770.38386, -800.92524, 1200.5266, -6177.4573, 2342.4998, -412.6726, 4312.1002, 18558.968, -9564.1468, -1.7208459, 2.1078277, -5.4716516, -4.9391345, -1072.9609, -483.06731, -486.94094] 
generalized_qdd = [5606.79381 1357.71245 770.38386 -800.925243 1200.52656 -6177.45726 2342.49982 -412.672601 4312.10017 18558.9683 -9564.14679 -1.72084588 2.10782768 -5.4716516 -4.93913452 -1072.96089 -483.06731 -486.940945 ]';
Set: generalized_qdd <-- [1733.7973, 2220.1071, -3592.7354, -3018.668, 4114.1398, -11127.378, 7134.1502, -4213.9635, -4760.7744, 26274.321, -9416.4314, 3667.011, 20.387855, -9.941708, 4.312725, -1579.9825, -1707.1195, 198.63203] 
generalized_qdd = [1733.79733 2220.10711 -3592.73544 -3018.66804 4114.13977 -11127.3778 7134.15021 -4213.96346 -4760.77443 26274.3208 -9416.43143 3667.01104 20.3878549 -9.94170804 4.31272503 -1579.98248 -1707.11951 198.632034 ]';
Set: generalized_qdd <-- [1205.7034, 1351.0048, -2989.3837, -2623.2863, 2805.8204, -8645.2387, 5325.5357, -2906.9188, -3462.0512, 23215.128, -6564.143, 2199.7468, 12.47839, -6.6557763, 5.3877527, -1306.2112, -1308.4586, 215.16398] 
generalized_qdd = [1205.70341 1351.00484 -2989.38368 -2623.28631 2805.82044 -8645.2387 5325.53573 -2906.91885 -3462.05125 23215.1277 -6564.14305 2199.74681 12.4783896 -6.65577635 5.38775266 -1306.21116 -1308.45862 215.163984 ]';
Set: generalized_qdd <-- [630.30957, 403.99306, -2206.3217, -2031.7802, 1352.5745, -5993.5758, 3206.2752, -1442.3446, -1965.2027, 19696.228, -3166.1548, 635.36605, 4.23734, -2.9241357, 5.035746, -939.89686, -831.70983, 207.85759] 
generalized_qdd = [630.309566 403.993062 -2206.32166 -2031.7802 1352.57452 -5993.57581 3206.27519 -1442.34464 -1965.20265 19696.2279 -3166.15484 635.366049 4.23734002 -2.9241357 5.03574601 -939.896859 -831.70983 207.857587 ]';
Set: generalized_qdd <-- [97.335277, -428.69516, -1352.9049, -1340.1472, 37.402399, -3527.1006, 1196.3284, -102.61757, -565.9158, 15961.512, 24.789938, -697.29183, -3.0280761, 0.65476105, 3.7658401, -547.28166, -369.20201, 181.14732] 
generalized_qdd = [97.3352767 -428.695156 -1352.90486 -1340.14722 37.4023989 -3527.10057 1196.32839 -102.617565 -565.915803 15961.5123 24.7899383 -697.291825 -3.02807613 0.654761047 3.76584014 -547.281663 -369.202007 181.147321 ]';
Set: generalized_qdd <-- [-334.57916, -1035.384, -527.46201, -638.20375, -959.27051, -1482.0022, -425.55618, 926.67648, 534.88124, 12252.606, 2520.9227, -1609.2016, -8.4589503, 3.6309301, 1.9318382, -182.07365, 15.507445, 141.19272] 
generalized_qdd = [-334.579163 -1035.38398 -527.462013 -638.203753 -959.270506 -1482.00223 -425.55618 926.676478 534.881244 12252.6055 2520.92271 -1609.20164 -8.45895028 3.6309301 1.93183816 -182.073645 15.5074451 141.19272 ]';
Set: generalized_qdd <-- [-410.76235, -1141.5816, 432.45378, 3267.807, -1416.5785, 71.256334, -1379.6674, -84.392487, 1180.0494, 8848.7424, 4048.2985, 903.30235, -10.636077, 7.4640248, -0.18839865, 115.95793, 272.47708, -53.295336] 
generalized_qdd = [-410.762349 -1141.58159 432.453784 3267.80701 -1416.57849 71.2563343 -1379.66744 -84.3924868 1180.04945 8848.74238 4048.29848 903.302349 -10.6360771 7.46402485 -0.188398648 115.957927 272.477081 -53.2953364 ]';
Set: generalized_qdd <-- [-454.17603, -1007.8734, 268.73611, -178.07663, -786.43892, -251.14037, -806.12808, 1102.3688, 477.75312, 7475.6612, 3027.357, -1494.445, 14.371935, 14.215312, 25.301382, -138.45368, 340.02138, 72.763337] 
generalized_qdd = [-454.176034 -1007.87337 268.736107 -178.076627 -786.438921 -251.140374 -806.128077 1102.36882 477.753125 7475.66122 3027.35696 -1494.44497 14.3719349 14.2153119 25.3013824 -138.453684 340.021376 72.7633368 ]';
Set: generalized_qdd <-- [-501.72079, -942.86756, 430.02458, -99.788017, -799.80593, 236.00659, -982.71093, 1153.879, 545.13207, 5007.1975, 2968.6004, -1471.4712, 13.130579, 12.917194, 20.893705, -59.791754, 394.06479, 64.970578] 
generalized_qdd = [-501.720787 -942.867557 430.024584 -99.7880173 -799.805933 236.006585 -982.710931 1153.87896 545.132071 5007.19748 2968.60042 -1471.47118 13.1305787 12.9171938 20.8937049 -59.7917538 394.064785 64.9705784 ]';
Set: generalized_qdd <-- [-520.63479, -835.31116, 554.78211, -22.852312, -770.43331, 674.44404, -1096.1585, 1140.3549, 574.74419, 2521.4345, 2773.3943, -1373.5411, 11.703744, 11.261611, 15.779164, 11.548321, 423.38156, 55.090223] 
generalized_qdd = [-520.634788 -835.311161 554.782113 -22.8523121 -770.433308 674.444044 -1096.15854 1140.35488 574.744189 2521.43454 2773.39433 -1373.54113 11.7037435 11.2616109 15.7791643 11.5483206 423.381565 55.0902226 ]';
Set: generalized_qdd <-- [-875.48665, -1287.5245, 1013.0108, 333.65799, -1704.0353, 11515.826, -2332.1207, 1804.6326, 1926.0325, -47557.575, 4247.5485, -1768.7971, 14.647238, 8.4975327, -1.7695306, 436.80419, 890.63608, 99.388996] 
generalized_qdd = [-875.486648 -1287.52453 1013.01081 333.657993 -1704.03533 11515.8259 -2332.12072 1804.63265 1926.03249 -47557.575 4247.5485 -1768.79706 14.6472382 8.49753268 -1.76953062 436.804192 890.636075 99.388996 ]';
Set: generalized_qdd <-- [1142.5003, 1024.2334, 329.60118, -1491.261, 6408.4306, -4916.6454, 9002.8098, -2856.2331, -2861.0405, 5359.5175, -8622.0308, 1725.9041, 37.315673, 10.174251, 33.268185, -1249.3439, -1490.3208, 328.94638] 
generalized_qdd = [1142.50034 1024.23342 329.601184 -1491.26102 6408.43058 -4916.6454 9002.80979 -2856.2331 -2861.04051 5359.51754 -8622.03084 1725.90412 37.3156733 10.1742506 33.2681846 -1249.34387 -1490.32076 328.946377 ]';
Set: generalized_qdd <-- [774.4068, 900.30864, -184.22842, -1651.1489, 5419.5735, -4592.5605, 7551.6518, -2407.8521, -2643.6252, 5147.2966, -7526.707, 1290.3991, 31.702634, 9.5596892, 33.991324, -1248.4715, -1280.3991, 458.44489] 
generalized_qdd = [774.406803 900.308637 -184.228419 -1651.14893 5419.57348 -4592.56048 7551.65182 -2407.85206 -2643.62517 5147.29657 -7526.70696 1290.39905 31.7026337 9.55968925 33.991324 -1248.47147 -1280.3991 458.444893 ]';
Set: generalized_qdd <-- [433.62935, 775.80356, -867.13356, -1894.1821, 4036.3422, -3861.7987, 5802.4273, -1673.2679, -2037.7714, 4345.3371, -5967.7634, 455.64792, 24.725455, 8.4811156, 34.355092, -1285.5336, -1016.446, 612.77109] 
generalized_qdd = [433.629352 775.803557 -867.133559 -1894.18211 4036.34223 -3861.79874 5802.42726 -1673.26786 -2037.77141 4345.33705 -5967.76339 455.647921 24.7254555 8.48111564 34.3550925 -1285.53362 -1016.44598 612.771088 ]';
Set: generalized_qdd <-- [86.698517, 654.95985, -1665.7782, -2149.1697, 2692.994, -3486.9537, 3998.4095, -1070.1459, -1745.367, 4162.4657, -4374.7468, -161.89128, 17.820157, 7.0407787, 35.088033, -1321.0174, -755.97869, 779.37866] 
generalized_qdd = [86.6985168 654.959849 -1665.77823 -2149.16973 2692.99401 -3486.95374 3998.40946 -1070.14594 -1745.36699 4162.46573 -4374.74684 -161.891278 17.8201568 7.04077875 35.0880326 -1321.01744 -755.978693 779.378662 ]';
Set: generalized_qdd <-- [-157.96605, 556.91835, -2592.5712, -2439.1873, 1163.3895, -2849.438, 2192.9748, -273.66563, -992.29304, 3550.3296, -2824.5143, -1063.7749, 10.735775, 5.2019866, 35.706637, -1381.7066, -483.51645, 943.9479] 
generalized_qdd = [-157.96605 556.918354 -2592.57123 -2439.18728 1163.3895 -2849.43797 2192.97481 -273.66563 -992.293037 3550.32956 -2824.51429 -1063.77493 10.7357746 5.20198659 35.706637 -1381.70656 -483.516447 943.947901 ]';
Set: generalized_qdd <-- [-964.06762, 7.1176884, -3217.8718, -2129.1645, 1449.072, -3517.7525, 1994.509, -1712.0405, -2937.104, 4046.2051, -3296.8707, 664.71087, 5.7050403, 2.2666143, 19.89548, -911.29688, -876.45056, 1095.7658] 
generalized_qdd = [-964.067622 7.11768838 -3217.87177 -2129.16452 1449.07198 -3517.75255 1994.50896 -1712.04046 -2937.10396 4046.20507 -3296.87074 664.710868 5.70504028 2.2666143 19.8954802 -911.296879 -876.450561 1095.76579 ]';
Set: generalized_qdd <-- [-2435.4675, -1662.5939, -2188.0409, -108.21228, -6806.7461, -4393.1268, 2273.006, -8387.0612, -2225.9651, 4737.4836, -3434.1005, 11045.764, -6.3062226, 8.5431134, 10.494423, 868.6965, -1682.7218, 1035.6579] 
generalized_qdd = [-2435.46749 -1662.59393 -2188.04086 -108.212284 -6806.74614 -4393.12683 2273.00597 -8387.06116 -2225.96507 4737.48359 -3434.1005 11045.7638 -6.30622264 8.54311343 10.4944233 868.696497 -1682.72183 1035.65792 ]';
Set: generalized_qdd <-- [8307.545, 2243.5148, -4217.2802, -1234.5808, -3951.406, -2193.4346, 838.07268, -5684.5221, 49331.451, 3102.1491, -2619.4617, 6890.3607, 21.883669, -5.3868631, -34.248529, -1654.5839, -531.29022, -374.65067] 
generalized_qdd = [8307.54503 2243.5148 -4217.28017 -1234.58076 -3951.40595 -2193.43458 838.072683 -5684.52214 49331.4507 3102.14912 -2619.4617 6890.36067 21.8836687 -5.38686309 -34.2485295 -1654.58392 -531.290223 -374.650673 ]';
Set: generalized_qdd <-- [-5261.8074, -3012.7819, -750.9226, 2565.932, 5271.0739, -2252.797, -997.1942, -9560.1548, -17542.665, 1942.2787, 1171.5359, 13642.391, -14.218709, 23.752048, 8.0517608, 2462.5416, -1085.0558, 741.18208] 
generalized_qdd = [-5261.80738 -3012.78194 -750.922599 2565.93198 5271.07386 -2252.79702 -997.194204 -9560.15483 -17542.665 1942.27867 1171.5359 13642.391 -14.2187091 23.7520479 8.05176075 2462.54164 -1085.05584 741.182076 ]';
Set: generalized_qdd <-- [-5360.0043, -3033.1, -550.04875, 2605.8276, 4645.7509, -1858.1344, -1928.6798, -8115.6563, -18060.447, 1640.5594, 2294.568, 10886.192, -18.387557, 25.208688, 13.279808, 2550.7671, -869.05925, 731.46503] 
generalized_qdd = [-5360.00431 -3033.09999 -550.048753 2605.8276 4645.75094 -1858.13438 -1928.67981 -8115.65629 -18060.4469 1640.55935 2294.56799 10886.1919 -18.387557 25.2086881 13.2798084 2550.76711 -869.059246 731.465026 ]';
Set: generalized_qdd <-- [-5119.2188, -2928.475, -392.22338, 2481.7918, 4088.2601, -1508.7444, -2661.7147, -6512.9138, -18144.321, 1411.3115, 3141.1762, 7591.8752, -21.638921, 26.024592, 17.94048, 2518.9087, -646.35321, 709.25094] 
generalized_qdd = [-5119.21882 -2928.47497 -392.22338 2481.79175 4088.26011 -1508.74444 -2661.71469 -6512.9138 -18144.3206 1411.31155 3141.17617 7591.87519 -21.6389208 26.0245923 17.9404801 2518.90868 -646.353211 709.250938 ]';
Set: generalized_qdd <-- [-4575.2878, -2709.2451, -291.44107, 2180.183, 3672.3393, -1243.4808, -3158.8699, -4897.0658, -17890.051, 1301.5077, 3688.3031, 4125.7631, -23.708567, 26.234425, 21.907752, 2369.297, -433.72147, 677.45598] 
generalized_qdd = [-4575.28785 -2709.24505 -291.441068 2180.18297 3672.33932 -1243.48083 -3158.86986 -4897.06576 -17890.0514 1301.50773 3688.30312 4125.7631 -23.7085671 26.2344251 21.907752 2369.297 -433.721472 677.455981 ]';
Set: generalized_qdd <-- [-3787.4697, -2389.7838, -271.11941, 1682.5921, 3433.415, -1095.6161, -3399.563, -3377.109, -17396.457, 1353.9487, 3931.6393, 772.52938, -24.439542, 25.883922, 25.064824, 2111.5163, -246.72206, 638.41324] 
generalized_qdd = [-3787.46969 -2389.78382 -271.119409 1682.59208 3433.41503 -1095.61605 -3399.56299 -3377.10898 -17396.4568 1353.94873 3931.63926 772.529379 -24.4395424 25.883922 25.0648236 2111.51629 -246.722061 638.413245 ]';
Set: generalized_qdd <-- [-2826.4446, -1985.6229, -366.67296, 961.60441, 3373.7803, -1098.2499, -3377.0018, -2022.8463, -16756.615, 1617.3488, 3877.2334, -2276.7401, -23.754283, 25.019534, 27.2799, 1760.6516, -99.109123, 593.634] 
generalized_qdd = [-2826.44457 -1985.62291 -366.672965 961.60441 3373.78031 -1098.24987 -3377.00179 -2022.84634 -16756.6153 1617.34884 3877.23344 -2276.74007 -23.754283 25.0195339 27.2799002 1760.65157 -99.1091232 593.633999 ]';
Set: generalized_qdd <-- [-1764.8336, -1513.0238, -619.80509, -20.494232, 3464.3147, -1279.6399, -3105.4108, -862.59392, -16035.171, 2140.548, 3547.0182, -4917.0171, -21.657343, 23.695539, 28.425785, 1335.6376, -0.056362116, 543.70531] 
generalized_qdd = [-1764.83363 -1513.02379 -619.805095 -20.4942321 3464.31468 -1279.63987 -3105.41082 -862.593916 -16035.1706 2140.54795 3547.01815 -4917.01712 -21.6573434 23.695539 28.4257847 1335.63759 -0.0563621157 543.705313 ]';
Set: generalized_qdd <-- [-668.96487, -987.94074, -1068.9635, -1311.2433, 3639.6852, -1661.0672, -2624.9843, 115.8245, -15220.928, 2971.9428, 2984.0324, -7109.9712, -18.235432, 21.980072, 28.392319, 856.67093, 48.417364, 488.20789] 
generalized_qdd = [-668.964873 -987.940735 -1068.96353 -1311.24333 3639.68515 -1661.06716 -2624.9843 115.824496 -15220.9284 2971.94278 2984.03235 -7109.9712 -18.2354315 21.9800716 28.3923194 856.670931 48.4173638 488.207886 ]';
Set: generalized_qdd <-- [406.52878, -425.24004, -1737.6702, -2961.7467, 3774.7567, -2259.0296, -2004.0232, 964.35077, -14126.734, 4166.6311, 2257.4369, -8863.5074, -13.66542, 19.960408, 27.080164, 342.51083, 53.525202, 425.59945] 
generalized_qdd = [406.528775 -425.240037 -1737.67019 -2961.74668 3774.75669 -2259.02963 -2004.02318 964.35077 -14126.7341 4166.63112 2257.43686 -8863.50738 -13.6654195 19.9604082 27.0801636 342.510831 53.5252015 425.599446 ]';
Set: generalized_qdd <-- [4045.3392, 997.94335, -2525.8193, -5463.3723, -8875.7678, -1052.161, -2921.8236, 4723.5211, 63611.072, 2550.6223, 2726.8764, -12791.738, -1.7756049, 17.862782, 2.969411, -1167.2709, 935.71287, 141.50258] 
generalized_qdd = [4045.33917 997.943346 -2525.81926 -5463.37225 -8875.76784 -1052.16098 -2921.8236 4723.52112 63611.0719 2550.62234 2726.87641 -12791.7376 -1.77560491 17.8627823 2.96941098 -1167.27095 935.712868 141.502585 ]';
Set: generalized_qdd <-- [9365.9996, 6093.8455, -32564.728, -50714.634, -42376.344, 1243.1392, -20660.125, 29284.679, 145528.37, 4129.8429, 4483.0915, -42999.202, -28.119371, -87.199479, 46.266099, -8696.3391, 3158.9566, 2580.4217] 
generalized_qdd = [9365.99959 6093.84553 -32564.7277 -50714.6337 -42376.3442 1243.1392 -20660.1255 29284.6795 145528.368 4129.84294 4483.09148 -42999.2023 -28.119371 -87.1994794 46.2660994 -8696.3391 3158.95664 2580.42168 ]';
Set: generalized_qdd <-- [2988.55, 930.15367, -1944.0517, -7795.9315, 9917.1396, -9028.4013, 3943.0684, 294.43221, -34918.228, 15042.455, -1861.7408, -4272.3215, 3.0206573, 11.517926, 18.199618, -311.09886, -1306.2823, -0.12042905] 
generalized_qdd = [2988.55002 930.153669 -1944.05171 -7795.93151 9917.13962 -9028.40131 3943.06842 294.432206 -34918.2281 15042.4546 -1861.7408 -4272.32154 3.02065731 11.5179256 18.1996182 -311.098862 -1306.28231 -0.120429053 ]';
Set: generalized_qdd <-- [2217.2859, 395.80169, -995.82135, -8379.8016, 8242.7113, -11257.533, 2877.3513, 1317.3291, -33245.841, 19729.486, -590.04369, -3338.2567, 1.2883774, 13.674045, 20.26246, 181.79801, -1044.8424, 54.157449] 
generalized_qdd = [2217.28586 395.801692 -995.821351 -8379.80156 8242.71129 -11257.5327 2877.35127 1317.32907 -33245.8407 19729.4861 -590.043688 -3338.25669 1.28837744 13.6740453 20.2624603 181.798012 -1044.8424 54.1574485 ]';
Set: generalized_qdd <-- [1091.3774, -470.31706, 1072.77, -8482.4372, 5948.5344, -15250.63, 523.51445, 3668.2063, -30054.125, 28555.048, 2058.2431, -3214.6971, 2.0462413, 13.286135, 13.972233, 782.11604, -216.75079, 187.43319] 
generalized_qdd = [1091.37744 -470.317055 1072.77001 -8482.43723 5948.53438 -15250.6302 523.514449 3668.20625 -30054.1254 28555.048 2058.24307 -3214.69711 2.04624127 13.2861347 13.9722327 782.116038 -216.750789 187.433185 ]';
Set: generalized_qdd <-- [349.98511, -4120.1817, 1847.962, -9394.5947, 5035.4353, -48485.687, -866.58537, 5897.7755, -28479.45, 185425.18, 3456.2823, -3454.8435, 7.2065821, 18.469647, 25.609671, 780.55974, 23.253453, 448.64185] 
generalized_qdd = [349.985115 -4120.18167 1847.96198 -9394.59473 5035.43533 -48485.6867 -866.585368 5897.77545 -28479.4495 185425.181 3456.28228 -3454.84351 7.20658206 18.4696474 25.6096715 780.559735 23.2534531 448.64185 ]';
