qdd_des = [0 0 0 0 0 0 0 0 0 0 0 0 ]';
qdd_des = [-1.13806449 1.1380652 1.1380652 -1.13806449 15.3161408 -15.316141 -15.316141 15.3161408 -37.0985123 37.0985128 37.0985128 -37.0985123 ]';
qdd_des = [-2.46525042 2.46525204 2.46525204 -2.46525042 33.1697845 -33.1697849 -33.1697849 33.1697845 -80.3402925 80.3402936 80.3402936 -80.3402925 ]';
qdd_des = [-3.8869008 3.88690351 3.88690351 -3.8869008 52.2771408 -52.2771412 -52.2771412 52.2771408 -126.61207 126.612072 126.612072 -126.61207 ]';
qdd_des = [-5.3135533 5.3135572 5.3135572 -5.3135533 71.4284026 -71.4284032 -71.4284032 71.4284026 -172.981178 172.98118 172.98118 -172.981178 ]';
qdd_des = [-6.6653044 6.66530954 6.66530954 -6.6653044 89.5473715 -89.5473721 -89.5473721 89.5473715 -216.840303 216.840306 216.840306 -216.840303 ]';
qdd_des = [-7.87519545 7.87520182 7.87520182 -7.87519545 105.736695 -105.736695 -105.736695 105.736695 -256.016986 256.01699 256.01699 -256.016986 ]';
qdd_des = [-8.89153199 8.89153949 8.89153949 -8.89153199 119.307852 -119.307853 -119.307853 119.307852 -288.845861 288.845865 288.845865 -288.845861 ]';
qdd_des = [-9.67911182 9.67912029 9.67912029 -9.67911182 129.796004 -129.796004 -129.796004 129.796004 -314.204075 314.204079 314.204079 -314.204075 ]';
qdd_des = [-10.2194004 10.2194097 10.2194097 -10.2194004 136.960655 -136.960656 -136.960656 136.960655 -331.512333 331.512337 331.512337 -331.512333 ]';
qdd_des = [-10.5097486 10.5097583 10.5097583 -10.5097486 140.773759 -140.773759 -140.773759 140.773759 -340.705611 340.705616 340.705616 -340.705611 ]';
qdd_des = [-10.5617949 10.561805 10.561805 -10.5617949 141.397369 -141.397369 -141.397369 141.397369 -342.178732 342.178737 342.178737 -342.178732 ]';
qdd_des = [-10.3992302 10.3992403 10.3992403 -10.3992302 139.153285 -139.153285 -139.153285 139.153285 -336.712707 336.712712 336.712712 -336.712707 ]';
qdd_des = [-10.0551221 10.0551319 10.0551319 -10.0551221 134.48726 -134.487261 -134.487261 134.48726 -325.388076 325.38808 325.38808 -325.388076 ]';
qdd_des = [-9.56900286 9.56901227 9.56901227 -9.56900286 127.930356 -127.930356 -127.930356 127.930356 -309.491428 309.491432 309.491432 -309.491428 ]';
qdd_des = [-8.98391738 8.9839262 8.9839262 -8.98391738 120.059875 -120.059875 -120.059875 120.059875 -290.420959 290.420963 290.420963 -290.420959 ]';
qdd_des = [-8.34360597 8.34361408 8.34361408 -8.34360597 111.46207 -111.46207 -111.46207 111.46207 -269.596315 269.596318 269.596318 -269.596315 ]';
qdd_des = [-7.68996978 7.68997714 7.68997714 -7.68996978 102.698488 -102.698488 -102.698488 102.698488 -248.377179 248.377182 248.377182 -248.377179 ]';
qdd_des = [-7.06093117 7.06093776 7.06093776 -7.06093117 94.2774017 -94.2774019 -94.2774019 94.2774017 -227.994134 227.994137 227.994137 -227.994134 ]';
qdd_des = [-6.48876438 6.48877024 6.48877024 -6.48876438 86.631353 -86.6313533 -86.6313533 86.631353 -209.494272 209.494274 209.494274 -209.494272 ]';
qdd_des = [-5.99893546 5.99894069 5.99894069 -5.99893546 80.1014019 -80.1014022 -80.1014022 80.1014019 -193.702987 193.702989 193.702989 -193.702987 ]';
qdd_des = [-5.60945619 5.60946088 5.60946088 -5.60945619 74.9282149 -74.9282153 -74.9282153 74.9282149 -181.202338 181.202341 181.202341 -181.202338 ]';
qdd_des = [-5.33072713 5.33073142 5.33073142 -5.33072713 71.2497546 -71.2497551 -71.2497551 71.2497546 -172.32541 172.325412 172.325412 -172.32541 ]';
qdd_des = [-5.16582118 5.16582521 5.16582521 -5.16582118 69.1049754 -69.1049759 -69.1049759 69.1049754 -167.165247 167.165249 167.165249 -167.165247 ]';
qdd_des = [-5.11114031 5.11114423 5.11114423 -5.11114031 68.4426607 -68.4426612 -68.4426612 68.4426607 -165.596301 165.596304 165.596304 -165.596301 ]';
qdd_des = [-5.1573664 5.15737035 5.15737035 -5.1573664 69.1343394 -69.1343399 -69.1343399 69.1343394 -167.305785 167.305787 167.305787 -167.305785 ]';
qdd_des = [-5.29062033 5.29062442 5.29062442 -5.29062033 70.9901013 -70.9901017 -70.9901017 70.9901013 -171.83209 171.832092 171.832092 -171.83209 ]';
qdd_des = [-5.49374242 5.49374675 5.49374675 -5.49374242 73.7760996 -73.7761001 -73.7761001 73.7760996 -178.607302 178.607304 178.607304 -178.607302 ]';
qdd_des = [-5.74761061 5.74761525 5.74761525 -5.74761061 77.2325645 -77.2325649 -77.2325649 77.2325645 -187.000949 187.000952 187.000952 -187.000949 ]';
qdd_des = [-6.03242022 6.03242522 6.03242522 -6.03242022 81.0912543 -81.0912547 -81.0912547 81.0912543 -196.362376 196.362378 196.362378 -196.362376 ]';
qdd_des = [-6.32885925 6.32886462 6.32886462 -6.32885925 85.091426 -85.0914264 -85.0914264 85.091426 -206.059485 206.059488 206.059488 -206.059485 ]';
qdd_des = [-6.61912627 6.61913202 6.61913202 -6.61912627 88.9935918 -88.9935921 -88.9935921 88.9935918 -215.512092 215.512095 215.512095 -215.512092 ]';
qdd_des = [-6.88775203 6.88775812 6.88775812 -6.88775203 92.5905388 -92.5905392 -92.5905392 92.5905388 -224.218603 224.218606 224.218606 -224.218603 ]';
qdd_des = [-7.12220062 7.12220702 7.12220702 -7.12220062 95.7153043 -95.7153046 -95.7153046 95.7153043 -231.775289 231.775292 231.775292 -231.775289 ]';
qdd_des = [-7.31324107 7.31324771 7.31324771 -7.31324107 98.2460015 -98.2460017 -98.2460017 98.2460015 -237.887904 237.887907 237.887907 -237.887904 ]';
qdd_des = [-7.4550935 7.45510032 7.45510032 -7.4550935 100.107583 -100.107584 -100.107584 100.107583 -242.375876 242.375879 242.375879 -242.375876 ]';
qdd_des = [-7.54536656 7.54537348 7.54537348 -7.54536656 101.270793 -101.270793 -101.270793 101.270793 -245.16967 245.169673 245.169673 -245.16967 ]';
qdd_des = [-28.7530162 28.7528192 28.7530188 -28.7528167 467.680885 -467.681117 -467.680887 467.681114 -869.976714 869.976404 869.976718 -869.976401 ]';
qdd_des = [-34.8382693 34.8660856 35.3638769 -35.0629395 576.593091 -576.660855 -578.60776 571.229532 -1046.82697 1046.90496 1069.09952 -1056.5153 ]';
qdd_des = [-38.4345519 39.3791972 39.0908415 -38.8661667 647.898292 -646.036935 -649.137007 633.585404 -1157.01072 1152.96643 1178.486 -1172.63249 ]';
qdd_des = [-39.5597446 41.3325196 40.3628574 -40.5374021 677.505591 -676.220217 -680.402042 659.959397 -1193.5196 1192.22292 1218.31808 -1229.3482 ]';
qdd_des = [-38.780762 41.0929996 39.3266151 -40.160178 674.004587 -671.875224 -674.820988 643.846465 -1174.50699 1171.80029 1193.9115 -1212.5852 ]';
qdd_des = [-35.8725904 38.9879777 36.2957312 -38.4107156 633.666588 -632.290643 -636.518053 599.487524 -1091.68867 1089.36918 1113.09247 -1149.6449 ]';
qdd_des = [-31.8596299 34.5101185 34.2323481 -33.7307719 568.136672 -565.072547 -571.615826 525.726051 -968.734599 963.250633 1043.42438 -1032.63092 ]';
qdd_des = [-26.2561504 29.3128065 28.9054133 -29.4077602 478.207726 -475.774919 -484.320802 432.166661 -804.237307 799.182541 894.461171 -884.114635 ]';
qdd_des = [-20.0391979 23.0274173 22.5886776 -23.2620592 376.615832 -372.317819 -381.616162 322.146001 -622.664077 614.322671 715.734614 -703.681717 ]';
qdd_des = [-13.1175811 14.6299629 15.4639073 -16.7288786 263.707304 -260.302352 -270.110575 205.752996 -422.931191 423.833323 518.730446 -511.148899 ]';
qdd_des = [-6.03014104 7.985411 9.08310445 -1.80409803 149.795945 -146.080261 -155.950649 91.4689594 -224.039404 225.555068 315.133832 -313.91691 ]';
qdd_des = [0.710316431 1.83965129 3.06517256 14.3830498 41.4023606 -35.7425171 -45.3439889 -17.3504829 -36.6034146 35.2074514 115.752838 -122.027871 ]';
qdd_des = [8.86157922 -2.70962191 16.2800066 32.1069738 -62.821872 67.2287321 47.5093528 -113.968461 135.34685 -140.110711 -27.2387554 52.8277124 ]';
qdd_des = [14.0727947 -7.16612179 18.1590061 43.7628041 -151.048125 156.187242 135.064637 -192.665469 285.140418 -291.114527 -178.179199 193.921115 ]';
qdd_des = [7.37831513 -14.6427933 21.2299301 51.7030851 -217.023653 220.852999 213.167323 -263.222299 199.323321 -402.653678 -310.648025 337.773399 ]';
qdd_des = [7.89284532 -18.2871401 20.4453544 54.927734 -269.183264 272.852286 268.366517 -307.861597 250.079634 -489.561978 -411.276343 441.808226 ]';
qdd_des = [7.97956384 -20.5945573 18.2412965 54.9480282 -302.510325 305.706317 304.813101 -332.936949 283.098564 -542.897339 -488.685631 513.793002 ]';
qdd_des = [7.59735403 -21.4792907 10.0635551 51.1717713 -316.355679 317.869861 323.302556 -340.677163 297.190433 -560.679101 -579.098173 555.207998 ]';
qdd_des = [4.18092762 -25.0385709 -9.60348325 47.6991422 -319.172444 322.721238 313.831617 -322.507674 302.053964 -564.560012 -373.951319 552.839612 ]';
qdd_des = [4.79606127 -19.4939611 -17.82278 35.7181879 -283.975667 283.406997 277.857807 -272.707513 243.293366 -477.551974 -264.063486 476.24048 ]';
qdd_des = [4.61769576 -13.0298929 -23.7664285 22.948485 -231.176082 227.041193 226.477463 -209.067173 162.401462 -359.63446 -138.411445 370.011063 ]';
qdd_des = [3.38343732 -6.48863113 -26.9249299 10.5835111 -165.564464 159.010606 163.923324 -136.687626 66.5059373 -221.742546 -5.35456988 244.007232 ]';
qdd_des = [1.06079432 -0.489692498 -27.1603547 -0.510958227 -92.2450263 84.7149159 94.5777636 -60.4657463 -36.9338464 -74.5964405 127.088528 107.802241 ]';
qdd_des = [-2.18536682 4.57536491 -24.6665168 -9.79345839 -16.2681453 9.222775 22.7552714 15.1106353 -140.692147 71.9542418 251.635524 -29.7753325 ]';
qdd_des = [-6.04672649 8.52045566 -19.8981189 -17.0109953 57.689459 -62.9929053 -47.5042745 86.1238334 -238.260741 209.416001 362.078595 -160.992471 ]';
qdd_des = [-10.1351073 11.3251888 -13.4831239 -22.1434269 125.579442 -128.237352 -112.619891 149.344523 -324.220422 330.966095 453.544752 -279.456215 ]';
qdd_des = [-14.0455146 13.0873897 -6.13144851 -25.339596 184.162126 -183.69804 -169.620607 202.308185 -394.485388 431.609873 522.663934 -380.259839 ]';
qdd_des = [-17.4107103 13.9757878 1.4492634 -26.8545692 231.110523 -227.479303 -216.254885 243.351063 -446.420261 508.202984 567.638195 -460.040315 ]';
qdd_des = [-19.9421564 14.1885447 8.62301745 -26.9946537 265.042378 -258.578922 -251.052913 271.607388 -478.840679 559.364492 588.213128 -516.957359 ]';
qdd_des = [-21.4549178 13.9210218 14.8754131 -26.0741224 285.488918 -276.819087 -273.339894 286.970441 -491.915828 585.307321 585.559777 -550.604745 ]';
qdd_des = [-21.8765431 13.3441133 19.8425832 -24.3851032 292.811866 -282.743931 -283.202101 290.021244 -486.995188 587.610547 562.08105 -561.864938 ]';
qdd_des = [-21.2418391 12.5927843 23.3201236 -22.1801128 288.081583 -277.494826 -281.410843 281.929967 -466.382791 568.955184 521.160701 -552.71864 ]';
qdd_des = [-19.6767175 11.763258 25.2549542 -19.6653273 272.929408 -262.673243 -269.312214 264.336426 -433.081294 532.841818 466.875264 -526.021363 ]';
qdd_des = [-17.3749042 10.9166061 25.7242812 -17.0018949 249.386589 -240.199523 -248.692437 239.217015 -390.525945 483.305402 403.689915 -485.259633 ]';
qdd_des = [-14.5713432 10.0862732 24.9063586 -14.3123583 219.720935 -212.174482 -221.629613 208.745946 -342.325628 424.639857 336.15845 -434.299567 ]';
qdd_des = [-11.5157147 9.28721285 23.0476322 -11.6894362 186.280696 -180.749499 -190.342667 175.158638 -292.025053 361.142911 268.645456 -377.140339 ]';
qdd_des = [-8.44877294 8.52473158 20.4302564 -9.20491132 151.353367 -148.009669 -157.047494 140.624536 -242.899032 296.889717 205.08578 -317.684259 ]';
qdd_des = [-5.58335223 7.80169986 17.3430489 -6.9170279 117.045222 -115.873547 -123.828738 107.135638 -197.786639 235.54205 148.792696 -259.533856 ]';
qdd_des = [-3.09101052 7.12339156 14.0578979 -4.87550419 85.1855291 -86.012176 -92.5336388 76.4155728 -158.9701 180.198212 102.322107 -205.824482 ]';
qdd_des = [-1.09450027 6.49976802 10.8125987 -3.12391287 57.2575792 -59.789078 -64.6921252 49.8525058 -128.100318 133.286944 67.3958918 -159.098607 ]';
qdd_des = [0.334369979 5.94546653 7.80020576 -1.69970043 34.3569927 -38.2220321 -41.4650511 28.4574412 -106.168217 96.5066898 44.8834435 -121.225321 ]';
qdd_des = [1.17235235 5.47805321 5.16430496 -0.632471152 17.1762892 -21.9664485 -23.6203648 12.8478438 -93.5186126 70.8094498 34.8367955 -93.3657526 ]';
qdd_des = [1.4389643 5.11524971 2.99917771 0.0586595365 6.01341787 -11.3192124 -11.5351984 3.25501936 -89.9011681 56.4263769 36.5716938 -75.9823542 ]';
qdd_des = [1.18846013 4.8718565 1.35361564 0.367816988 0.800944566 -6.24096287 -5.22046644 -0.447568652 -94.5513744 52.9302305 48.7847653 -68.8874943 ]';
qdd_des = [0.500681996 4.75700157 0.237130446 0.304506507 1.15186896 -6.39398012 -4.36360936 1.30117454 -106.293379 59.3281141 69.6956178 -71.3247528 ]';
qdd_des = [0.23904171 6.14477673 16.1964687 -2.33970362 8.69397381 -16.164298 -218.15383 3.82325931 -127.65666 83.2797321 398.463592 -75.3611199 ]';
qdd_des = [0.272191322 5.74867403 19.9366795 -6.91182107 5.75858632 -11.5724682 -258.802976 146.550477 -117.638274 72.4053101 463.138911 -305.346711 ]';
qdd_des = [0.251981475 4.93454334 21.5567455 -8.85020102 1.70128244 -6.57361527 -283.412894 191.365487 -100.652381 57.9811955 499.380197 -368.202094 ]';
qdd_des = [0.205645501 3.93908641 21.9088489 -10.3005683 -2.02994226 -1.74106352 -291.458652 222.265835 -80.3050424 42.010863 507.199248 -406.480115 ]';
qdd_des = [0.1460964 2.83919289 21.1217485 -11.1767629 -5.28380641 2.69991839 -284.203003 239.102757 -57.9402778 25.4462808 489.029218 -420.765336 ]';
qdd_des = [15.2719612 4.53220101 20.4379947 -10.4727706 166.938096 7.98661272 -263.225949 244.070083 -371.87349 7.37889878 448.901242 -414.327922 ]';
qdd_des = [20.5189193 44.1356433 27.669504 -0.603326389 214.565398 -209.423819 -225.48155 233.554528 -443.802862 417.114853 393.891228 -393.487795 ]';
qdd_des = [24.2938499 51.9774101 37.3053178 12.5836526 246.186095 -251.653808 -177.899863 215.62807 -486.148195 490.304381 324.275985 -361.832176 ]';
qdd_des = [26.2408514 55.9724127 47.3131026 18.0158062 262.087295 -276.993439 -124.169784 188.277156 -499.735769 531.223589 246.033878 -308.634988 ]';
qdd_des = [26.7632762 56.5974267 57.3361308 22.3384345 263.061347 -285.711495 -67.5412891 154.600579 -486.626353 540.986972 164.004981 -245.698939 ]';
qdd_des = [25.9859571 54.1645338 66.8611513 25.4468285 250.578189 -279.046436 -11.1341304 116.911426 -450.164419 522.214385 82.6772324 -177.125152 ]';
qdd_des = [24.087038 49.1148102 75.4637915 27.3098792 226.644552 -258.888245 42.2532397 77.4893255 -394.547705 478.711757 6.05808816 -106.88251 ]';
qdd_des = [21.2816798 41.9792518 82.8177373 27.9630202 193.642429 -227.614256 90.2524104 38.4717055 -324.523789 415.155987 -62.4817006 -38.6287624 ]';
qdd_des = [17.8060352 33.3391439 88.6970378 27.4985981 154.165689 -187.917551 131.001292 1.76265947 -245.088821 336.766123 -120.316032 24.4369577 ]';
qdd_des = [13.9227866 23.9117088 93.4777831 25.9790422 110.835951 -142.613621 153.489646 -31.1118731 -161.157186 248.152377 -149.030975 79.8430513 ]';
qdd_des = [-416.020148 -10.2180853 59.3248091 29.3371954 31.8606759 -122.564688 170.696212 -86.7545547 -277.79381 177.052361 -197.931318 123.567002 ]';
qdd_des = [-497.919528 -23.8775206 43.390643 26.9493384 -19.7774647 -79.9825405 175.963317 -115.131185 -231.165749 91.1538016 -219.987017 157.114641 ]';
qdd_des = [-546.556057 -34.9397234 27.0150487 24.3446215 -65.2342385 -37.7110508 172.021703 -133.527927 -177.554316 9.3445376 -228.968287 179.136671 ]';
qdd_des = [-562.942971 -43.1439024 10.9251329 20.6100981 -102.833478 2.21862987 159.875164 -143.325469 -120.515481 -64.7599568 -225.604083 190.1421 ]';
qdd_des = [-549.542495 -48.3692316 -4.11085555 16.0547025 -131.399571 38.0533214 140.956509 -144.898997 -63.4254109 -128.232871 -211.301311 190.69333 ]';
qdd_des = [-510.044247 -50.6561404 -17.453299 10.9924715 -150.399441 68.4465875 116.891071 -138.993147 -9.16820334 -179.018053 -187.87604 181.813863 ]';
qdd_des = [-449.050928 -50.1776388 -28.61504 5.7221828 -159.894201 92.3666374 89.4010618 -126.646807 39.9393851 -215.744848 -157.430798 164.886108 ]';
qdd_des = [-357.846211 -91.5386977 -56.1296649 -13.9859573 -118.510208 61.6857003 111.088344 -142.27825 21.6633853 1091.27518 -204.299179 168.221856 ]';
qdd_des = [-267.077687 -94.6879244 -65.4805389 -21.0451239 -103.368985 66.4340281 91.1434317 -127.171504 44.6095858 1320.81474 -181.553364 144.636438 ]';
qdd_des = [-172.015829 -92.8061266 -70.6390767 -26.3540525 -84.7426663 67.6272534 68.6239896 -107.1777 63.3843486 1460.99753 -152.002747 116.145804 ]';
qdd_des = [-77.8302278 -86.481788 -71.764589 -29.8178647 -63.9668845 65.2422665 44.9104173 -83.7925276 77.5786983 1514.25172 -117.804766 84.6713894 ]';
qdd_des = [10.8675738 -76.4657329 -69.2001309 -31.441621 -42.3182232 59.5913074 21.3089063 -58.5336945 86.9879586 1486.86009 -81.1368531 52.0935679 ]';
qdd_des = [90.1968797 -63.6200915 -63.4374799 -31.3202493 -20.9564289 51.2664476 -1.00757749 -32.8623382 91.6017529 1388.27546 -44.0836383 20.1613887 ]';
qdd_des = [157.128108 -48.8659528 -55.0783209 -29.6253604 -0.884268587 41.0501368 -21.0460478 -8.11499494 91.5972154 1230.3835 -8.54021813 -9.58232681 ]';
qdd_des = [209.549581 -33.1322177 -44.7938624 -26.589827 17.0769872 29.8103694 -38.0265715 14.5514341 87.3309334 1026.73842 23.86498 -35.8581782 ]';
qdd_des = [246.282518 -17.308131 -33.2849606 -22.4909788 32.2993059 18.3986072 -51.4011563 34.2001716 79.3251786 791.796279 51.8257258 -57.688419 ]';
qdd_des = [267.048266 -2.20174605 -21.2446165 -17.6332381 44.3498164 7.56514104 -60.8587871 50.1398538 68.245226 540.170146 74.3912953 -74.4160642 ]';
qdd_des = [272.393838 11.4938491 -9.32443906 -12.3309846 52.9854606 -2.09876686 -66.3176805 61.9348111 54.8665532 285.932086 90.9781925 -85.7057164 ]';
qdd_des = [263.583385 23.2252761 1.89365052 -6.89239035 58.1422313 -10.1885853 -67.9064229 69.4012908 40.0329213 41.9871419 101.361962 -91.5278382 ]';
qdd_des = [242.464263 32.5939562 11.9195576 -1.60489128 59.9201267 -16.4861305 -65.9361011 72.5912151 24.6082767 -180.456616 105.651614 -92.1289181 ]';
qdd_des = [211.316866 39.3615654 20.3704596 3.27713777 58.5643795 -20.9372345 -60.8658229 71.7655718 9.42672768 -372.30068 104.249804 -87.9905024 ]';
qdd_des = [176.27145 9.72716673 18.5159453 1.22792745 69.286022 -85.0200713 -35.1794072 55.2571851 -26.7688074 56.1122957 67.9157842 -70.9529709 ]';
qdd_des = [166.402839 4.21000359 22.8217137 -5.82314895 141.600794 -101.624125 -20.5651483 52.0166927 -166.960808 98.8018432 50.2581377 -51.0945734 ]';
qdd_des = [23.8745126 -146.276371 98.7523488 30.5279769 73.0945966 38.7561444 -178.824541 79.7784493 -172.944646 -95.5381845 293.550587 -52.8290381 ]';
qdd_des = [-52.8338807 -222.986882 66.1694903 3.24958683 65.4649293 42.0630399 -274.693905 48.189804 -208.014005 -128.927425 363.833165 -26.7495887 ]';
qdd_des = [-111.145374 -281.581976 24.2834221 -39.9488146 50.4945879 34.0649448 -316.195924 31.3646998 -221.143679 -150.239114 395.84102 -33.1367112 ]';
qdd_des = [-158.462927 -329.120643 -23.2595118 -53.8840465 35.3605649 17.607092 -338.621245 16.3583856 -222.71684 -163.995141 406.720847 -23.2890468 ]';
qdd_des = [-194.280779 -365.254463 -75.0404506 -65.138721 19.1055301 -5.35333243 -344.341237 1.92840569 -212.413518 -170.986411 399.182401 -13.8384548 ]';
qdd_des = [-217.985217 -389.354724 -127.98369 -73.4189299 2.69480795 -33.0461698 -334.688525 -11.2922664 -191.979949 -171.514661 375.370576 -5.15359862 ]';
qdd_des = [-229.627129 -401.443173 -179.240468 -78.602609 -12.9965044 -63.6306331 -311.651632 -22.8024209 -163.500509 -166.165623 338.031667 2.47514063 ]';
qdd_des = [-222.558765 -661.134657 -254.748463 -109.035983 14.4254632 -149.819458 -225.214857 -68.7144179 -175.22346 1366.98476 226.031337 43.6185388 ]';
qdd_des = [-207.899604 -670.139689 -271.440212 -109.282483 16.1981789 -162.948316 -165.550551 -82.4085766 -153.180768 1658.63439 148.569039 57.056701 ]';
qdd_des = [-184.166508 -644.746854 -273.286854 -104.098309 15.1146039 -166.513554 -106.268953 -90.7922194 -120.442413 1837.98898 76.1559995 66.5153957 ]';
qdd_des = [-153.943544 -589.629385 -261.682734 -94.2192525 16.3872044 -161.869073 -46.0589585 -94.1097977 -91.8327682 1908.17532 2.32486246 72.0879546 ]';
qdd_des = [-118.83853 -510.51369 -238.837837 -80.6814664 14.9505595 -150.113304 8.25147725 -92.4890246 -57.0820408 1876.7501 -60.0502934 73.5848257 ]';
qdd_des = [-81.6479224 -413.774261 -206.789498 -64.478373 15.222113 -132.573262 57.4744068 -86.6025438 -28.2426833 1755.44414 -116.480228 71.4923184 ]';
qdd_des = [-43.7780992 -306.041608 -168.285148 -46.7141136 13.1361675 -110.347064 97.5558386 -76.9931527 2.6755155 1558.80892 -159.065299 66.0518238 ]';
qdd_des = [-7.84537127 -193.891682 -125.786699 -28.4270877 10.8914284 -84.7591227 128.673168 -64.5884717 28.9162997 1303.75462 -190.263624 57.9872002 ]';
qdd_des = [24.8603964 -83.3721301 -81.7291432 -10.5824112 8.28868497 -57.0537211 149.773709 -50.2080167 51.0996097 1008.31469 -208.879719 47.8715771 ]';
qdd_des = [53.0264104 20.1247917 -38.4650026 5.9710579 5.48908958 -28.5685913 160.812217 -34.7590076 68.5330347 690.877498 -215.237484 36.4117626 ]';
qdd_des = [75.6971267 112.115266 1.915769 20.5308975 2.65984398 -0.664689123 162.2541 -19.1230267 80.8183392 369.274612 -210.256133 24.3178462 ]';
qdd_des = [92.1058853 189.13678 37.635579 32.5511805 -0.211473212 25.2885592 155.269482 -4.15834703 87.6636152 60.0227649 -196.256988 12.3265672 ]';
qdd_des = [102.417217 248.895546 67.4198777 41.7053243 -2.60870679 48.1756867 140.517728 9.53009446 89.6159329 -222.613356 -173.027471 0.918010593 ]';
qdd_des = [106.544949 290.138916 90.3191961 47.8051004 -4.61488014 66.9334061 119.789231 21.3223871 86.8726188 -466.824855 -143.590203 -9.32554955 ]';
qdd_des = [104.901088 312.686948 105.857916 50.847396 -6.1537964 80.819918 94.7201387 30.8038189 80.0297824 -663.895647 -110.052866 -17.9998217 ]';
qdd_des = [101.253507 235.985949 104.046981 41.235701 8.47942557 34.3710203 85.2798945 24.4509566 52.8207781 -177.463906 -96.0313814 -12.058195 ]';
qdd_des = [486.696517 729.536442 -216.140176 -322.28219 304.843951 -1754.558 795.185642 -235.239492 -81.196603 2587.33846 -938.195426 71.5205953 ]';
qdd_des = [1140.60163 474.57108 -872.317463 -1048.59016 788.157637 -4377.74134 2026.49271 -668.005442 -318.622237 14813.4558 -2461.44215 178.309351 ]';
qdd_des = [605.403455 298.229312 -1270.56444 -1250.56922 836.86163 -4725.05942 2238.47564 -805.751656 -1078.11093 16730.1841 -1713.79799 230.929626 ]';
qdd_des = [370.815052 -75.357306 -1052.86275 -1079.84062 388.497306 -4021.01664 1614.58605 -352.670604 -692.273454 16561.6616 -510.103742 -266.673867 ]';
qdd_des = [128.750846 -429.583983 -746.027051 -817.485888 -69.3261436 -3132.92584 905.281077 115.051964 -263.20572 15538.3023 736.568937 -727.538324 ]';
qdd_des = [-87.2894844 -709.309183 -407.181445 -512.692731 -449.453775 -2210.32246 247.588333 508.434394 114.437323 13882.0216 1801.75069 -1063.73306 ]';
qdd_des = [-254.899181 -884.330848 -86.0322379 -210.055479 -699.934364 -1358.01148 -268.926228 772.975045 380.447514 11801.1368 2546.59861 -1231.79747 ]';
qdd_des = [-362.588504 -946.914464 178.945827 54.2976551 -802.784177 -636.110113 -601.974599 888.252509 509.633974 9478.51217 2915.78725 -1228.21085 ]';
qdd_des = [-434.945932 -934.101931 334.238787 -130.622809 -784.56027 -71.8721515 -766.040602 1056.32928 513.555221 7056.02119 2927.9254 -1426.7968 ]';
qdd_des = [-487.428691 -891.963892 484.537621 -66.7688699 -794.542413 535.937466 -951.742121 1103.13875 565.564409 4394.87012 2892.68797 -1405.12876 ]';
qdd_des = [-510.082408 -809.190947 597.21466 -5.77020456 -763.166073 1083.213 -1070.62377 1086.9217 583.528924 1730.22659 2714.85951 -1311.05836 ]';
qdd_des = [-504.801537 -695.400189 669.668615 48.6933407 -696.236827 1552.94186 -1123.37885 1015.22091 569.845216 -811.934311 2417.91863 -1159.2301 ]';
qdd_des = [-431.855725 -490.756016 657.605458 59.9510516 -482.69805 696.664841 -973.823587 810.362624 368.107952 2507.64264 1818.13949 -897.120992 ]';
qdd_des = [-606.240838 -549.758913 685.478792 319.344476 -1368.81648 1395.51633 -2369.95974 1190.67753 744.671068 1791.59977 2879.40449 -1051.46892 ]';
qdd_des = [-782.558376 -640.483799 774.079503 677.191761 -2427.30058 2292.87795 -3998.87874 1646.96746 1232.0905 829.817784 4207.98271 -1228.54802 ]';
qdd_des = [-946.464654 -758.254113 974.307488 1154.66896 -3548.91738 3309.18324 -5742.62053 2112.58417 1760.27846 -261.421351 5678.50324 -1339.50774 ]';
qdd_des = [-1080.04023 -895.565556 1337.84768 1764.88436 -4671.21835 4464.06515 -7506.30959 2572.03276 2347.05784 -1554.5813 7209.12304 -1383.62951 ]';
qdd_des = [-1181.23482 -1051.50211 1923.69938 2526.70201 -5698.40289 5696.75667 -9198.7629 2964.71245 2907.65968 -2957.58388 8725.46462 -1279.22313 ]';
qdd_des = [-1153.5999 -1152.55137 2733.07546 3364.38125 -6826.66334 7172.65863 -10971.1696 3587.40833 3809.6941 -4615.52532 10454.0189 -1381.91606 ]';
qdd_des = [-857.402752 -1005.18177 3549.73873 4009.01792 -6844.96618 8952.21857 -12881.8264 5291.99407 4776.86607 -6578.53344 12364.0605 -3056.45043 ]';
qdd_des = [-2050.62032 -1358.51541 4779.29597 4823.08952 -6895.8041 10626.7925 -14694.724 7016.23613 -1902.45484 -8544.50817 14328.2551 -4685.35923 ]';
qdd_des = [-1623.82485 -1034.98616 5699.92721 5128.92497 -8132.57962 12421.4409 -16274.4311 9606.19879 -1017.01373 -10499.2648 15855.03 -7671.71282 ]';
qdd_des = [-919.241711 -557.388675 6628.1405 5300.58517 -9539.2656 14271.156 -17664.7747 12457.6534 823.468877 -12514.1928 17155.0343 -10926.8827 ]';
qdd_des = [17.1972141 56.3748341 7560.31797 5360.63992 -11094.7222 16162.8055 -18848.8792 15474.5908 3579.72355 -14583.4078 18213.472 -14232.2825 ]';
qdd_des = [1127.9763 783.908957 8497.1497 5341.94208 -12792.323 18091.8792 -19825.484 18574.9182 7205.24694 -16714.7862 19032.9403 -17397.4188 ]';
qdd_des = [2349.31643 1599.18978 9445.66812 5288.97176 -14637.811 20062.9025 -20608.1757 21692.213 11651.4152 -18927.6764 19631.6155 -20265.8869 ]';
qdd_des = [3615.84706 2473.53004 10422.2403 5260.12343 -16646.1234 22091.2863 -21224.3808 24775.317 16871.6007 -21257.1464 20041.9597 -22715.5896 ]';
qdd_des = [4864.43077 3376.47263 11455.2854 5330.62465 -18836.7965 24204.319 -21712.5585 27785.6061 22821.5629 -23756.7404 20308.0398 -24655.3847 ]';
qdd_des = [6036.84961 4276.56757 12586.8765 5595.8996 -21227.0796 26441.6383 -22117.5968 30692.3347 29451.3063 -26501.3282 20481.2679 -26020.3327 ]';
qdd_des = [7081.36297 5142.07024 13872.4514 6174.50112 -23819.7144 28856.0251 -22484.6092 33466.0786 36678.1498 -29592.6133 20614.355 -26766.6831 ]';
qdd_des = [7601.60321 5829.24665 15364.9029 7269.36571 -24903.1029 31240.3254 -22639.0533 35674.8507 34160.4854 -32725.7976 20584.2932 -26521.6679 ]';
qdd_des = [7079.95482 5690.16388 21487.2672 15432.2167 -20317.15 33303.7725 -19960.1424 33915.3641 14963.4673 -36175.8946 20133.0117 -21064.134 ]';
qdd_des = [7046.09678 6020.21478 24646.2059 19693.8071 -21457.7962 36854.3749 -19940.3562 35041.3675 15559.2439 -41524.1578 20411.062 -19266.2932 ]';
qdd_des = [6978.20461 6386.72514 27761.9029 24434.2867 -22844.2478 41218.637 -19958.9537 36000.1139 17651.8974 -48462.7871 20592.6857 -17395.0661 ]';
qdd_des = [6966.9067 6868.48697 30623.3225 29614.0028 -24303.0217 46804.2719 -19772.8857 36543.8938 20935.0674 -58017.4189 20411.583 -15376.5198 ]';
qdd_des = [7014.48568 7908.02776 33303.9063 35346.1244 -25914.8189 58009.2186 -19396.5868 36563.5767 25472.6712 -91893.5635 19909.0066 -13159.5034 ]';
